X	Y	Z
164.9250030517578	103.18999481201172	-17.166893005371094
154.96798706054688	0.812999963760376	-25.81489372253418
119.77899169921875	201.9409942626953	-24.23189353942871
118.77099609375	61.678001403808594	-23.639894485473633
195.85400390625	12.22599983215332	-21.350893020629883
155.97999572753906	176.06300354003906	-20.53789520263672
30.26599884033203	123.78699493408203	-24.531892776489258
213.61000061035156	137.0399932861328	-16.28189468383789
88.08899688720703	62.038997650146484	-22.342893600463867
146.48599243164063	190.30398559570313	-22.10889434814453
56.23500061035156	111.45699310302734	-27.470892906188965
179.61700439453125	173.3000030517578	-19.480894088745117
183.24400329589844	44.12200164794922	-14.563894271850586
99.32199096679688	90.90299987792969	-30.40489387512207
82.27299499511719	216.3699951171875	-21.43989372253418
34.029998779296875	158.46299743652344	-25.02789306640625
203.1849822998047	66.85599517822266	-22.911893844604492
124.37699127197266	209.5139923095703	-24.14989471435547
176.91900634765625	59.486000061035156	-18.24889373779297
68.32699584960938	142.8199920654297	-21.310894012451172
194.65599060058594	167.8330078125	-16.63889503479004
157.08999633789063	23.15999984741211	-21.79489517211914
37.74399948120117	163.0360107421875	-20.888893127441406
68.89799499511719	185.9580078125	-24.839893341064453
52.9640007019043	157.52398681640625	-23.4108943939209
167.3159942626953	5.822999954223633	-22.848894119262695
127.6139907836914	187.73599243164063	-24.3218936920166
159.93399047851563	15.682000160217285	-25.763893127441406
191.54498291015625	46.683998107910156	-15.818893432617188
75.0999984741211	48.80500030517578	-23.372894287109375
226.1929931640625	40.99399948120117	-20.65689468383789
166.95498657226563	198.2139892578125	-25.232892990112305
53.22899627685547	33.55399703979492	-25.02789306640625
183.0780029296875	158.93499755859375	-20.975893020629883
88.55099487304688	194.91400146484375	-26.26189422607422
217.59799194335938	227.5749969482422	-21.206893920898438
103.03799438476563	78.44000244140625	-30.317893981933594
153.22799682617188	180.58799743652344	-20.568893432617188
43.427001953125	180.88699340820313	-23.703893661499023
135.06900024414063	133.1300048828125	-22.6348934173584
38.814998626708984	112.62199401855469	-23.999893188476563
125.45500183105469	68.3030014038086	-23.27989387512207
216.31300354003906	51.8849983215332	-18.594894409179688
113.01699829101563	68.86900329589844	-24.148893356323242
13.16200065612793	116.88099670410156	-22.330894470214844
206.0780029296875	184.69200134277344	-12.618894577026367
66.43299865722656	208.75999450683594	-27.210893630981445
143.75399780273438	82.11299896240234	-18.953893661499023
15.177000045776367	83.41099548339844	-18.74689483642578
28.215999603271484	171.6699981689453	-26.01689338684082
109.80099487304688	32.51300048828125	-22.807893753051758
130.58200073242188	113.55400085449219	-22.605894088745117
160.0869903564453	46.493995666503906	-21.148895263671875
25.559999465942383	190.0679931640625	-21.102893829345703
133.78199768066406	40.875	-25.946892738342285
208.96499633789063	57.878997802734375	-19.190893173217773
209.97299194335938	38.722999572753906	-15.671892166137695
81.67300415039063	143.43099975585938	-21.633893966674805
3.8470001220703125	130.14599609375	-24.71389389038086
2.61899995803833	47.35499954223633	-21.284894943237305
125.76099395751953	142.38099670410156	-20.435894012451172
36.99100112915039	18.65399932861328	-22.48789405822754
136.11898803710938	57.714996337890625	-22.226892471313477
84.1310043334961	149.48399353027344	-20.97689437866211
92.28400421142578	71.72099304199219	-25.304893493652344
12.168999671936035	193.5449981689453	-16.943893432617188
224.6510009765625	180.0889892578125	-18.841894149780273
26.531999588012695	108.11000061035156	-20.824893951416016
199.10000610351563	49.85099792480469	-15.875892639160156
43.617000579833984	230.18699645996094	-24.37389373779297
111.79999542236328	141.68699645996094	-20.611894607543945
225.64698791503906	191.46400451660156	-15.409894943237305
226.50299072265625	186.8730010986328	-18.025894165039063
135.33599853515625	222.98599243164063	-27.48689365386963
142.11599731445313	77.91899871826172	-21.119892120361328
121.43199920654297	225.45899963378906	-25.6348934173584
45.176998138427734	97.06299591064453	-25.42689323425293
152.447998046875	42.79399871826172	-22.56489372253418
159.3839874267578	108.06499481201172	-17.969894409179688
98.75599670410156	143.7679901123047	-23.503894805908203
26.28799819946289	77.53800201416016	-20.180892944335938
172.74900817871094	29.764999389648438	-21.438894271850586
5.854000091552734	49.71099853515625	-18.7338924407959
101.29299926757813	215.4539794921875	-25.2568941116333
210.11900329589844	113.16100311279297	-23.734893798828125
176.03599548339844	195.87799072265625	-21.08289337158203
72.58899688720703	193.35400390625	-26.42189311981201
180.59298706054688	122.27799224853516	-17.629894256591797
70.79199981689453	157.1409912109375	-20.887893676757813
-1.8480000495910645	6.38599967956543	-22.530893325805664
225.09498596191406	205.73599243164063	-18.00189208984375
33.79899978637695	8.953999519348145	-24.56989288330078
199.9639892578125	114.39399719238281	-21.62389373779297
60.77300262451172	97.44499969482422	-27.70089340209961
119.46600341796875	42.20299530029297	-22.701892852783203
116.00299835205078	157.72698974609375	-27.147892951965332
47.711997985839844	6.298999786376953	-24.17489242553711
57.75199890136719	183.54098510742188	-22.775894165039063
78.4419937133789	162.60598754882813	-26.204894065856934
20.07699966430664	91.34700012207031	-19.57589340209961
64.375	150.2119903564453	-20.63089370727539
31.998001098632813	86.97799682617188	-20.878894805908203
14.288000106811523	102.41299438476563	-23.145893096923828
209.9849853515625	74.10599517822266	-22.320892333984375
77.43899536132813	29.51999855041504	-26.466893196105957
51.59000015258789	178.12599182128906	-22.431894302368164
178.38400268554688	45.0880012512207	-17.06289291381836
187.5889892578125	20.544998168945313	-19.29289436340332
135.91900634765625	165.10398864746094	-23.932893753051758
48.698001861572266	39.1870002746582	-21.004894256591797
139.9080047607422	116.90899658203125	-23.685894012451172
149.67599487304688	93.45999908447266	-21.903892517089844
101.59599304199219	68.46299743652344	-25.50589370727539
136.218994140625	36.5359992980957	-23.681894302368164
21.048999786376953	118.50599670410156	-21.017892837524414
216.60299682617188	56.58300018310547	-15.574893951416016
166.42999267578125	41.84400177001953	-21.712894439697266
190.79299926757813	180.10000610351563	-15.948894500732422
136.48800659179688	85.64999389648438	-24.958892822265625
126.5530014038086	222.8990020751953	-23.11289405822754
86.47200012207031	80.3030014038086	-24.02989387512207
182.61900329589844	67.47000122070313	-19.149892807006836
228.4919891357422	115.50499725341797	-18.99289321899414
216.5869903564453	27.115997314453125	-19.41789436340332
215.10000610351563	22.77199935913086	-16.4158935546875
39.00600051879883	107.50999450683594	-21.556894302368164
197.4949951171875	63.34099578857422	-17.486894607543945
194.6479949951172	188.02200317382813	-12.940893173217773
54.83100128173828	166.739990234375	-20.776893615722656
18.604000091552734	169.32199096679688	-24.42389488220215
131.48800659179688	228.83299255371094	-28.34789276123047
62.632999420166016	184.9119873046875	-25.306894302368164
133.46099853515625	145.54299926757813	-22.749893188476563
108.12999725341797	123.83599090576172	-22.672893524169922
0.19199998676776886	34.178001403808594	-20.214893341064453
94.65599822998047	56.35099792480469	-22.901893615722656
112.02699279785156	77.76399230957031	-27.848894119262695
198.19598388671875	26.371000289916992	-17.416894912719727
47.138999938964844	119.09699249267578	-24.988893508911133
151.39199829101563	62.586997985839844	-20.365894317626953
228.20899963378906	123.7760009765625	-22.63289451599121
79.90399932861328	152.57998657226563	-20.038894653320313
171.91000366210938	118.63800048828125	-17.794893264770508
189.96798706054688	141.7869873046875	-16.658893585205078
124.24099731445313	191.9149932861328	-24.95789337158203
86.9489974975586	66.44000244140625	-25.99789333343506
113.81499481201172	126.02899169921875	-25.068893432617188
95.42599487304688	131.14199829101563	-23.811893463134766
201.093994140625	109.09400177001953	-21.752893447875977
7.913999557495117	200.87298583984375	-20.690895080566406
129.65399169921875	169.86900329589844	-23.35889434814453
202.08799743652344	18.08799934387207	-18.24489402770996
166.34500122070313	124.9179916381836	-22.12189292907715
150.7779998779297	127.66799926757813	-18.438892364501953
144.5540008544922	40.163997650146484	-24.615894317626953
73.22099304199219	216.7519989013672	-27.125892639160156
5.510000228881836	112.98599243164063	-18.337894439697266
111.22100067138672	17.7810001373291	-22.855894088745117
83.70299530029297	51.36600112915039	-22.221893310546875
94.80899810791016	201.26199340820313	-25.24489402770996
77.65199279785156	213.29698181152344	-22.188894271850586
107.01300048828125	40.317996978759766	-23.680892944335938
162.72000122070313	117.03399658203125	-20.327892303466797
144.45599365234375	55.95500183105469	-21.174894332885742
176.7729949951172	50.05500030517578	-16.346893310546875
76.9729995727539	37.86399841308594	-25.475893020629883
5.788999557495117	18.71099853515625	-25.190893173217773
164.6060028076172	15.11400032043457	-23.697895050048828
59.88800048828125	122.343994140625	-25.091894149780273
224.38699340820313	232.03199768066406	-19.094894409179688
111.34100341796875	215.18499755859375	-25.17889404296875
103.03799438476563	122.07699584960938	-21.438894271850586
151.33200073242188	50.52899932861328	-17.468894958496094
11.411999702453613	10.476999282836914	-24.692893981933594
82.11599731445313	42.9109992980957	-22.074893951416016
183.1529998779297	169.6269989013672	-18.133893966674805
215.55299377441406	3.8569998741149902	-19.28789520263672
87.21599578857422	187.28500366210938	-24.714893341064453
18.954999923706055	159.19400024414063	-23.09989356994629
113.24400329589844	29.93899917602539	-26.36789321899414
176.343994140625	181.1389923095703	-20.0718936920166
18.218000411987305	186.406005859375	-21.114892959594727
104.20899200439453	116.75698852539063	-20.31489372253418
103.9260025024414	129.697998046875	-19.13889503479004
65.06099700927734	174.66798400878906	-24.067893981933594
207.40298461914063	173.62098693847656	-14.37789535522461
22.767000198364258	197.55799865722656	-21.61589241027832
45.69099807739258	157.70599365234375	-22.054893493652344
95.2909927368164	38.051998138427734	-21.99889373779297
188.89999389648438	39.41600036621094	-15.858894348144531
100.80999755859375	200.82498168945313	-23.70989418029785
153.08200073242188	76.48299407958984	-18.236892700195313
44.625	33.058998107910156	-25.876893043518066
73.49299621582031	203.43199157714844	-26.697893142700195
95.16499328613281	117.71800231933594	-25.82589340209961
84.95599365234375	133.7729949951172	-24.291893005371094
61.942996978759766	34.257999420166016	-24.313894271850586
140.98199462890625	185.3839874267578	-24.21689224243164
61.87900161743164	137.7760009765625	-24.21689224243164
88.92899322509766	6.642999649047852	-27.715892791748047
43.82899856567383	61.9379997253418	-21.714893341064453
212.635986328125	61.714996337890625	-20.74689483642578
85.80900573730469	140.78799438476563	-20.690895080566406
21.261001586914063	78.34500122070313	-21.480894088745117
50.65599822998047	89.08000183105469	-24.77989387512207
93.85499572753906	10.447999000549316	-25.000892639160156
40.93199920654297	168.44699096679688	-21.413894653320313
63.59600067138672	144.53399658203125	-21.616893768310547
131.61898803710938	174.27798461914063	-25.451892852783203
15.473999977111816	66.88699340820313	-22.14389419555664
131.8369903564453	126.48499298095703	-22.58689308166504
69.12699890136719	219.6479949951172	-25.956893920898438
199.8359832763672	31.415000915527344	-15.668893814086914
116.20299530029297	47.18000030517578	-22.572893142700195
67.81800079345703	131.17599487304688	-22.86089324951172
77.14599609375	175.1389923095703	-21.969894409179688
23.847999572753906	170.29400634765625	-22.89189338684082
51.76300048828125	229.781005859375	-26.139894485473633
156.91799926757813	72.48200225830078	-18.182893753051758
209.08399963378906	134.08799743652344	-19.06289291381836
50.40699768066406	84.66300201416016	-22.47289276123047
219.42298889160156	67.15499877929688	-23.718894958496094
213.38998413085938	124.77699279785156	-20.22089385986328
110.58699798583984	56.36600112915039	-21.97089385986328
162.2270050048828	7.167999744415283	-26.269893646240234
37.8120002746582	76.552001953125	-23.52789306640625
116.58499908447266	208.9929962158203	-21.693893432617188
67.75	41.082000732421875	-23.11089324951172
178.01800537109375	138.3459930419922	-14.80789566040039
213.81898498535156	69.01300048828125	-23.18989372253418
14.147998809814453	127.76399230957031	-23.158893585205078
135.0	82.76499938964844	-21.411893844604492
93.12999725341797	220.15399169921875	-24.818893432617188
88.60699462890625	25.049999237060547	-27.015893936157227
117.43000030517578	134.46499633789063	-22.039894104003906
100.96499633789063	-0.18400000035762787	-25.513894081115723
217.38999938964844	185.90399169921875	-17.090892791748047
219.7830047607422	31.422000885009766	-14.659893035888672
99.25299835205078	207.86199951171875	-22.749893188476563
45.21500015258789	43.24699783325195	-20.599891662597656
174.427978515625	116.25999450683594	-22.35889434814453
27.232999801635742	120.20799255371094	-22.490894317626953
160.14599609375	126.26899719238281	-20.469892501831055
8.866999626159668	187.47000122070313	-17.389894485473633
23.312999725341797	68.177001953125	-18.991893768310547
83.72399139404297	83.24699401855469	-27.636893272399902
191.7899932861328	154.05398559570313	-18.789892196655273
38.08599853515625	11.482999801635742	-25.43889331817627
208.26998901367188	23.559999465942383	-16.732892990112305
85.17999267578125	183.01800537109375	-22.982892990112305
111.39999389648438	23.01099967956543	-24.91789436340332
132.3040008544922	213.14498901367188	-23.68789291381836
162.5810089111328	98.31600189208984	-19.477893829345703
34.663997650146484	56.209999084472656	-21.383893966674805
228.16200256347656	64.843994140625	-20.96689224243164
193.83999633789063	19.014999389648438	-19.30589485168457
128.54299926757813	120.75599670410156	-20.811893463134766
171.2080078125	189.25997924804688	-22.366893768310547
219.1899871826172	217.5679931640625	-20.6968936920166
2.0879998207092285	66.16400146484375	-20.86289405822754
143.1129913330078	50.54399871826172	-24.07389259338379
139.1599884033203	110.4939956665039	-25.120893478393555
44.78499984741211	13.048999786376953	-24.232892990112305
185.70799255371094	143.19898986816406	-19.01689338684082
208.43798828125	48.0359992980957	-16.684892654418945
90.28399658203125	89.3699951171875	-26.09889316558838
13.0989990234375	76.51000213623047	-21.312894821166992
152.92298889160156	119.87300109863281	-17.661893844604492
0.5239999890327454	24.89699935913086	-21.532894134521484
7.158999919891357	175.77200317382813	-21.20989418029785
6.589999675750732	109.69499206542969	-21.806894302368164
155.99000549316406	194.3800048828125	-23.25789451599121
71.03299713134766	177.02798461914063	-24.275894165039063
40.56399917602539	35.00699996948242	-23.35489273071289
150.33499145507813	186.302001953125	-21.30189323425293
157.11599731445313	53.85600280761719	-20.90689468383789
221.9739990234375	121.44400024414063	-22.126893997192383
84.43699645996094	33.49399948120117	-21.877893447875977
42.21399688720703	7.8979997634887695	-26.322893142700195
70.90899658203125	138.0229949951172	-23.454893112182617
45.935997009277344	166.718994140625	-21.201894760131836
172.42698669433594	143.55799865722656	-22.00589370727539
122.22099304199219	162.39898681640625	-25.866893768310547
164.3459930419922	24.209999084472656	-25.286892890930176
113.79899597167969	194.7969970703125	-25.09589385986328
182.89498901367188	164.5559844970703	-18.5928955078125
179.19198608398438	19.424999237060547	-24.69489288330078
187.51998901367188	156.9980010986328	-17.695894241333008
206.78900146484375	210.15899658203125	-19.29489517211914
225.6429901123047	28.85799789428711	-17.663894653320313
15.987998962402344	122.12899780273438	-24.629894256591797
53.84599685668945	41.861995697021484	-21.533893585205078
2.513000011444092	193.27200317382813	-18.86089324951172
142.8679962158203	93.4949951171875	-26.666893005371094
217.62899780273438	7.785999774932861	-17.210893630981445
215.1280059814453	177.1389923095703	-14.218893051147461
76.97899627685547	159.0019989013672	-22.038894653320313
193.09201049804688	190.81298828125	-17.22489356994629
178.0439910888672	126.38400268554688	-16.68389320373535
29.25299835205078	202.8369903564453	-24.6658935546875
38.92499923706055	68.8759994506836	-22.670894622802734
24.512998580932617	98.96900177001953	-21.173892974853516
180.3590087890625	145.62100219726563	-19.700895309448242
206.1129913330078	13.765000343322754	-18.616893768310547
123.95599365234375	55.72700119018555	-24.840892791748047
165.45899963378906	183.81698608398438	-20.144893646240234
182.48699951171875	180.68899536132813	-17.807893753051758
191.48599243164063	199.46800231933594	-19.263893127441406
119.0250015258789	127.00599670410156	-21.197895050048828
41.165000915527344	85.57099151611328	-23.274892807006836
106.26300048828125	224.23001098632813	-24.708892822265625
31.67099952697754	64.60900115966797	-19.777894973754883
5.072000026702881	5.767999649047852	-26.495893478393555
184.56399536132813	136.23899841308594	-14.774892807006836
205.59500122070313	219.24598693847656	-18.526893615722656
210.04798889160156	162.4149932861328	-21.631893157958984
177.8610076904297	68.52200317382813	-18.052892684936523
48.14899826049805	109.46499633789063	-25.807893753051758
155.9459991455078	33.867000579833984	-27.674893379211426
136.73500061035156	191.593994140625	-26.429893493652344
227.15499877929688	171.99400329589844	-18.6708927154541
11.880999565124512	62.21099853515625	-19.057893753051758
167.06100463867188	51.499000549316406	-19.56689453125
98.43799591064453	18.448999404907227	-22.96189308166504
220.52398681640625	204.23399353027344	-18.570892333984375
50.66499710083008	174.04800415039063	-25.063892364501953
101.67399597167969	26.457000732421875	-23.405893325805664
10.156999588012695	71.81599426269531	-24.916893005371094
177.70399475097656	204.00299072265625	-23.73389434814453
14.637999534606934	111.02699279785156	-24.63089370727539
190.385986328125	114.21199798583984	-21.434894561767578
29.773998260498047	111.9679946899414	-20.37389373779297
206.50799560546875	141.70999145507813	-20.874893188476563
145.9340057373047	62.00599670410156	-22.6968936920166
211.2069854736328	15.8489990234375	-16.501893997192383
175.85198974609375	186.17999267578125	-19.707895278930664
127.51399993896484	48.56800079345703	-24.613893508911133
112.6729965209961	40.836997985839844	-25.92689323425293
222.17298889160156	52.0260009765625	-15.420892715454102
91.81999969482422	142.79798889160156	-19.172893524169922
190.59298706054688	24.315998077392578	-20.743892669677734
161.27999877929688	82.55799865722656	-20.929893493652344
75.84099578857422	132.10899353027344	-25.30389404296875
195.44898986816406	34.82499694824219	-16.817893981933594
110.02499389648438	10.536999702453613	-22.578893661499023
73.7959976196289	188.24798583984375	-24.39989471435547
196.51498413085938	82.15099334716797	-25.49889373779297
195.91798400878906	159.50599670410156	-19.88089370727539
0.7539999485015869	19.61199951171875	-24.25789451599121
122.91799926757813	77.5989990234375	-21.69489288330078
198.06900024414063	117.37199401855469	-18.015892028808594
128.875	63.153995513916016	-24.67889404296875
170.5709991455078	207.48599243164063	-24.74289321899414
180.8059844970703	54.847999572753906	-17.34089469909668
158.0830078125	90.07200622558594	-19.80089569091797
5.475000381469727	211.3099822998047	-22.370893478393555
75.40699768066406	150.98699951171875	-19.581893920898438
213.74099731445313	169.5139923095703	-16.23589324951172
9.666000366210938	124.72799682617188	-24.049894332885742
86.09500122070313	38.990997314453125	-23.892892837524414
155.03399658203125	104.84199523925781	-17.96889305114746
127.88299560546875	178.33499145507813	-26.264893531799316
205.3929901123047	193.33200073242188	-15.403892517089844
15.32599925994873	93.49600219726563	-22.603893280029297
70.20799255371094	50.762001037597656	-25.5358943939209
-3.9629998207092285	58.61499786376953	-20.065895080566406
218.4010009765625	117.7229995727539	-23.58889389038086
207.08299255371094	27.591999053955078	-14.033895492553711
87.66699981689453	53.821998596191406	-20.11289405822754
201.5749969482422	201.88400268554688	-15.693893432617188
100.61499786376953	73.97200012207031	-27.86089324951172
170.5500030517578	215.95899963378906	-21.09089469909668
185.83499145507813	205.28298950195313	-23.131893157958984
189.24400329589844	175.90499877929688	-19.971893310546875
203.43701171875	204.93798828125	-20.87389373779297
102.45299530029297	59.19499969482422	-24.283893585205078
35.994998931884766	97.1259994506836	-23.491893768310547
200.1199951171875	153.54299926757813	-21.124893188476563
204.5159912109375	150.63299560546875	-19.530893325805664
162.2360076904297	78.08399963378906	-19.72989273071289
91.51399230957031	228.24600219726563	-27.02289390563965
224.49899291992188	210.718994140625	-19.050893783569336
149.65499877929688	98.20800018310547	-21.556894302368164
68.18599700927734	125.18899536132813	-25.767892837524414
43.772003173828125	23.601999282836914	-23.85889434814453
122.02899932861328	136.7949981689453	-20.778892517089844
131.04299926757813	75.70700073242188	-19.895893096923828
214.01100158691406	195.9149932861328	-17.36789321899414
12.961000442504883	53.93600082397461	-21.8218936920166
188.50198364257813	188.41000366210938	-16.811893463134766
111.77100372314453	1.0309998989105225	-24.52789306640625
135.73800659179688	66.2040023803711	-22.206893920898438
101.91999816894531	36.196998596191406	-21.865894317626953
190.71499633789063	123.447998046875	-20.362892150878906
79.80799865722656	184.86900329589844	-20.100894927978516
94.05699920654297	15.128000259399414	-23.033893585205078
209.90298461914063	205.45799255371094	-19.514892578125
140.8070068359375	105.54900360107422	-25.52989387512207
226.75997924804688	200.052978515625	-16.971893310546875
105.57899475097656	48.237998962402344	-24.172893524169922
131.2469940185547	135.8979949951172	-21.024892807006836
12.069000244140625	47.90699768066406	-22.572893142700195
138.36399841308594	73.88399505615234	-20.27789306640625
64.74099731445313	163.77301025390625	-22.967893600463867
224.76400756835938	8.137999534606934	-23.807893753051758
170.74899291992188	178.45498657226563	-20.6088924407959
197.82899475097656	126.2659912109375	-19.57589340209961
28.009998321533203	59.58399963378906	-22.39189338684082
225.98098754882813	45.4379997253418	-18.458892822265625
23.058998107910156	87.21299743652344	-20.62389373779297
186.7939910888672	31.669998168945313	-18.31989288330078
165.05099487304688	59.874996185302734	-18.49689292907715
66.58899688720703	32.57099914550781	-25.409893035888672
214.1580047607422	187.1119842529297	-13.495893478393555
2.43999981880188	175.35400390625	-19.14789581298828
44.92499923706055	58.45299530029297	-17.573894500732422
190.97799682617188	70.46399688720703	-18.331893920898438
167.49600219726563	72.98999786376953	-16.9158935546875
156.75	8.297999382019043	-23.88089370727539
113.80299377441406	228.16000366210938	-22.287893295288086
145.66000366210938	133.55699157714844	-21.328893661499023
80.66000366210938	205.28700256347656	-20.661893844604492
148.5260009765625	110.47999572753906	-20.795894622802734
148.07798767089844	139.22499084472656	-23.712892532348633
215.2449951171875	220.87998962402344	-17.27289581298828
58.141998291015625	128.38099670410156	-26.913893699645996
183.50299072265625	75.12200164794922	-20.21389389038086
158.51100158691406	189.27499389648438	-24.462894439697266
59.66999816894531	91.7490005493164	-29.044893264770508
169.00999450683594	129.4510040283203	-20.957895278930664
20.92300033569336	60.6819953918457	-20.295894622802734
50.9739990234375	187.98500061035156	-25.425893783569336
211.41799926757813	144.5970001220703	-20.093894958496094
205.25999450683594	39.65399932861328	-13.430892944335938
63.11399841308594	156.6009979248047	-23.120893478393555
27.110000610351563	162.93499755859375	-24.448894500732422
32.80399703979492	182.95098876953125	-23.11089324951172
68.90799713134766	27.52499771118164	-24.091894149780273
157.75799560546875	100.37799835205078	-19.743892669677734
173.0830078125	40.042999267578125	-20.765893936157227
31.345998764038086	76.55699920654297	-21.12389373779297
109.65699768066406	64.91899871826172	-23.389892578125
223.69998168945313	23.392000198364258	-18.960893630981445
77.99099731445313	195.72898864746094	-23.598892211914063
179.84698486328125	38.40599822998047	-14.773893356323242
214.958984375	38.85799789428711	-14.517894744873047
209.62899780273438	157.15699768066406	-21.922893524169922
217.55099487304688	171.68399047851563	-13.907894134521484
108.06099700927734	147.3990020751953	-21.644893646240234
128.13900756835938	164.75299072265625	-22.949893951416016
10.430999755859375	183.31800842285156	-20.494892120361328
62.28199768066406	42.948997497558594	-21.229894638061523
167.75601196289063	108.35899353027344	-18.35489273071289
220.114990234375	180.7939910888672	-13.843894958496094
130.60598754882813	156.6599884033203	-22.389894485473633
132.91400146484375	193.95700073242188	-23.09789276123047
142.83200073242188	68.49199676513672	-21.09389305114746
177.4239959716797	74.35400390625	-15.974893569946289
184.2790069580078	51.7869987487793	-16.046894073486328
89.27799987792969	210.75799560546875	-22.368894577026367
127.80099487304688	196.5889892578125	-22.99689292907715
175.343994140625	169.93499755859375	-20.572895050048828
198.36000061035156	74.64599609375	-21.672893524169922
23.218997955322266	155.69898986816406	-25.704893112182617
98.23500061035156	101.197998046875	-27.399892807006836
124.14099884033203	129.79600524902344	-20.750892639160156
181.49200439453125	27.264999389648438	-20.991893768310547
55.218997955322266	96.25299072265625	-25.745893478393555
218.7419891357422	13.1589994430542	-19.49889373779297
50.862998962402344	22.945999145507813	-26.316893577575684
207.7169952392578	104.04999542236328	-22.52289390563965
172.49697875976563	138.64300537109375	-21.39389419555664
181.1479949951172	188.94100952148438	-23.135894775390625
97.10999298095703	5.562999725341797	-23.896894454956055
76.75	168.38198852539063	-23.43389320373535
13.223999977111816	175.72500610351563	-20.583894729614258
137.00799560546875	126.8759994506836	-22.262893676757813
43.012001037597656	100.8219985961914	-22.657894134521484
185.10198974609375	63.407997131347656	-16.835891723632813
198.72499084472656	177.010009765625	-16.86489486694336
92.04499816894531	31.794998168945313	-23.423892974853516
21.000999450683594	177.4810028076172	-20.960893630981445
92.41600036621094	93.49198913574219	-28.0098934173584
0.3479999899864197	186.41099548339844	-17.883895874023438
155.4099884033203	128.45700073242188	-20.661893844604492
14.604000091552734	162.70399475097656	-21.28189468383789
97.59599304199219	126.572998046875	-25.046894073486328
16.854000091552734	190.89199829101563	-18.297893524169922
94.56099700927734	24.79199981689453	-24.061893463134766
148.531005859375	39.13399887084961	-21.799894332885742
92.11699676513672	151.31300354003906	-25.05389404296875
106.86100006103516	203.5449981689453	-23.041893005371094
18.25	131.03599548339844	-23.4208927154541
88.99899291992188	215.9849853515625	-24.539894104003906
119.34899139404297	74.27300262451172	-24.254894256591797
194.47898864746094	149.7689971923828	-18.73589324951172
37.84600067138672	44.058998107910156	-21.546894073486328
101.38899993896484	110.19999694824219	-24.56689453125
174.88699340820313	133.6129913330078	-17.986894607543945
222.52301025390625	59.69499969482422	-19.318893432617188
172.0240020751953	75.28099822998047	-17.020893096923828
196.8699951171875	144.58299255371094	-18.455894470214844
188.59498596191406	59.55999755859375	-16.48589324951172
40.2969970703125	210.36399841308594	-18.78789520263672
174.81698608398438	214.79200744628906	-23.294893264770508
178.15899658203125	162.84500122070313	-18.199893951416016
9.293999671936035	104.4889907836914	-21.6348934173584
149.89199829101563	106.16999816894531	-18.42889404296875
146.552001953125	177.13998413085938	-20.960893630981445
107.77699279785156	212.1529998779297	-22.96689224243164
54.979000091552734	120.46299743652344	-23.32589340209961
137.4739990234375	48.61000061035156	-24.232892990112305
37.08599853515625	176.44100952148438	-22.293893814086914
39.4119987487793	52.31199645996094	-20.144893646240234
152.30099487304688	17.136999130249023	-23.576892852783203
199.9569854736328	195.7209930419922	-16.501893997192383
137.33299255371094	137.50099182128906	-21.74889373779297
218.82000732421875	125.35800170898438	-20.269893646240234
91.61799621582031	135.20599365234375	-23.370893478393555
190.51300048828125	132.0959930419922	-17.331893920898438
156.93399047851563	112.697998046875	-19.816892623901367
160.9499969482422	65.50599670410156	-19.464893341064453
131.21400451660156	183.27798461914063	-26.55389404296875
152.25599670410156	5.494999885559082	-25.026893615722656
205.8489990234375	87.55799865722656	-23.80589485168457
78.73200225830078	139.81399536132813	-23.25089454650879
92.19599914550781	44.284996032714844	-21.12689208984375
221.17300415039063	193.3699951171875	-15.85189437866211
32.78199768066406	116.06100463867188	-21.791893005371094
224.43800354003906	219.1230010986328	-20.348892211914063
208.5240020751953	168.3769989013672	-17.626893997192383
116.45899963378906	144.3179931640625	-21.37889289855957
102.52399444580078	145.7969970703125	-21.651893615722656
196.54600524902344	109.98500061035156	-19.84089469909668
81.03699493408203	73.98500061035156	-24.726892471313477
80.63400268554688	191.10800170898438	-20.45589256286621
213.24600219726563	33.85799789428711	-14.635894775390625
148.73599243164063	43.737998962402344	-19.32389259338379
0.6179999709129333	200.59201049804688	-17.534893035888672
124.38399505615234	214.23898315429688	-21.736894607543945
113.98799896240234	151.56698608398438	-22.06289291381836
169.56800842285156	17.615999221801758	-25.20089340209961
128.93899536132813	202.01998901367188	-23.193893432617188
125.93499755859375	155.6269989013672	-24.570894241333008
207.34600830078125	78.3030014038086	-23.471893310546875
13.581999778747559	201.71600341796875	-21.942893981933594
44.990997314453125	53.36499786376953	-18.264892578125
