X	Y	Z
154.66000366210938	86.54000091552734	57.09000015258789
153.72000122070313	88.85000610351563	57.470001220703125
155.8300018310547	86.66000366210938	53.439998626708984
156.47999572753906	84.45999908447266	52.589996337890625
157.16000366210938	89.58000183105469	52.68000030517578
155.27999877929688	92.06999969482422	53.22999954223633
159.16000366210938	89.38999938964844	50.31999969482422
161.24000549316406	87.29000091552734	51.160003662109375
157.33999633789063	88.06999969482422	48.16999816894531
158.99000549316406	86.42999267578125	45.939998626708984
154.97000122070313	90.05999755859375	48.02000045776367
152.8800048828125	89.54000854492188	49.56999969482422
156.50999450683594	92.63999938964844	47.27000427246094
157.57000732421875	94.09000396728516	49.220001220703125
157.89999389648438	91.66999816894531	44.68000030517578
155.36000061035156	90.81999969482422	43.130001068115234
153.85000610351563	93.52000427246094	43.130001068115234
151.5699920654297	93.0300064086914	44.43000030517578
155.86000061035156	95.06999969482422	41.35000228881836
156.86000061035156	97.32000732421875	43.23999786376953
155.4199981689453	93.31000518798828	38.84000015258789
157.8300018310547	91.47000122070313	38.16999816894531
152.47000122070313	94.08000183105469	38.27000045776367
153.02000427246094	97.05000305175781	37.560001373291016
152.86000061035156	98.73999786376953	40.14999771118164
155.1199951171875	96.52000427246094	35.34000015258789
158.0	97.06999969482422	36.810001373291016
153.33999633789063	94.91000366210938	33.380001068115234
153.08999633789063	92.04000854492188	33.87000274658203
151.94000244140625	89.94000244140625	35.12000274658203
152.44000244140625	89.83000183105469	32.470001220703125
151.45999145507813	97.22000122070313	32.540000915527344
148.62001037597656	98.10000610351563	33.7400016784668
153.6999969482422	98.91999816894531	31.240001678466797
154.16000366210938	101.97999572753906	31.110000610351563
154.4499969482422	96.92000579833984	28.989999771118164
157.19000244140625	95.3800048828125	29.899999618530273
151.82000732421875	97.0199966430664	27.369998931884766
149.0	96.54000091552734	25.799999237060547
146.64999389648438	95.54000091552734	24.920001983642578
148.95001220703125	94.27000427246094	24.34000015258789
146.60000610351563	93.22999572753906	23.540000915527344
151.85000610351563	100.06999969482422	26.80000114440918
149.70999145507813	101.02000427246094	28.829998016357422
154.66000366210938	100.22999572753906	25.5
157.30999755859375	101.4000015258789	26.93000030517578
154.23001098632813	98.52000427246094	22.939998626708984
153.7100067138672	95.41999816894531	23.080001831054688
152.14999389648438	100.34000396728516	21.540000915527344
149.66000366210938	98.3800048828125	21.049999237060547
147.0800018310547	96.87999725341797	19.770000457763672
153.72999572753906	103.00999450683594	21.5
153.14999389648438	104.79999542236328	24.170000076293945
156.9499969482422	102.34000396728516	21.619998931884766
158.52000427246094	104.58000183105469	22.75
159.35000610351563	106.04999542236328	24.860000610351563
159.38999938964844	107.11000061035156	22.3799991607666
157.29998779296875	100.80000305175781	18.719999313354492
155.489990234375	98.63999938964844	17.889999389648438
154.54000854492188	97.46000671386719	15.65000057220459
153.6699981689453	96.6500015258789	18.079999923706055
160.27999877929688	101.36000061035156	18.040000915527344
160.07000732421875	104.58999633789063	17.739999771118164
157.57000732421875	105.62000274658203	17.25
161.5500030517578	99.42000579833984	20.100000381469727
161.4399871826172	100.16999816894531	22.6200008392334
160.17999267578125	96.82999420166016	19.100000381469727
158.3300018310547	95.68000030517578	21.310001373291016
161.20001220703125	96.87999725341797	16.170000076293945
159.2899932861328	98.10000610351563	14.239999771118164
157.75999450683594	100.20000457763672	13.489999771118164
158.6999969482422	98.47999572753906	11.630000114440918
164.25	96.68000030517578	16.690000534057617
165.76998901367188	97.47000122070313	13.920000076293945
164.22000122070313	98.94000244140625	11.360000610351563
164.22000122070313	93.97000122070313	18.209999084472656
163.54000854492188	93.88999938964844	21.099998474121094
162.90000915527344	92.60000610351563	23.389999389648438
163.010009765625	95.29999542236328	23.34000015258789
162.6699981689453	92.29999542236328	16.10999870300293
161.3800048828125	89.93000030517578	17.619998931884766
161.4399871826172	87.22999572753906	17.65999984741211
159.0800018310547	88.52999877929688	17.850000381469727
164.62998962402344	92.67999267578125	13.739999771118164
162.1199951171875	94.36000061035156	11.280000686645508
167.0800018310547	91.28999328613281	15.030000686645508
169.5800018310547	93.27999877929688	14.6899995803833
172.09999084472656	93.73999786376953	15.539999961853027
171.41000366210938	94.29000091552734	12.989999771118164
165.8000030517578	88.5	15.449999809265137
164.52999877929688	87.9000015258789	12.469999313354492
161.38999938964844	88.80000305175781	12.729999542236328
167.35000610351563	88.08999633789063	10.760000228881836
168.260009765625	91.22000122070313	10.369998931884766
167.5	93.83999633789063	9.980000495910645
169.27000427246094	86.02999877929688	13.170000076293945
171.3800048828125	88.44000244140625	13.710000991821289
173.27999877929688	89.35000610351563	11.210000991821289
167.07000732421875	83.26000213623047	13.129999160766602
145.3699951171875	84.01000213623047	56.380001068115234
144.39999389648438	86.16000366210938	57.15999984741211
145.8199920654297	83.55999755859375	52.8599967956543
143.8300018310547	82.46000671386719	51.810001373291016
148.95001220703125	82.55000305175781	52.67000198364258
150.8800048828125	84.80999755859375	53.81999969482422
149.02000427246094	80.47000122070313	50.380001068115234
151.5699920654297	78.94999694824219	50.21999740600586
147.4499969482422	81.97999572753906	48.16999816894531
146.239990234375	80.08999633789063	45.790000915527344
149.239990234375	84.51000213623047	48.029998779296875
148.69000244140625	86.61000061035156	49.540000915527344
151.92999267578125	83.11000061035156	47.39999771118164
154.0800018310547	84.37999725341797	48.26000213623047
151.05999755859375	81.6300048828125	44.81999969482422
150.10000610351563	84.1300048828125	43.26000213623047
152.72999572753906	85.74000549316406	43.5099983215332
152.27999877929688	87.77999877929688	44.88999938964844
154.5500030517578	83.72000122070313	42.040000915527344
156.45001220703125	82.30999755859375	44.03999710083008
152.95999145507813	83.86000061035156	39.380001068115234
151.239990234375	81.31999969482422	38.95000076293945
153.52000427246094	86.83999633789063	38.7400016784668
156.5800018310547	86.56999206542969	38.349998474121094
157.98001098632813	87.15999603271484	41.04999923706055
156.49000549316406	84.39999389648438	36.13999938964844
155.83999633789063	81.23999786376953	36.38999938964844
154.94000244140625	86.02000427246094	34.0
152.34999084472656	85.01000213623047	33.91999816894531
150.16000366210938	86.18000030517578	32.86000061035156
150.22000122070313	85.57999420166016	35.4900016784668
157.11000061035156	88.13999938964844	33.380001068115234
157.83999633789063	91.27999877929688	32.970001220703125
159.23001098632813	86.12999725341797	32.36000061035156
161.02999877929688	84.6199951171875	34.380001068115234
157.5500030517578	84.93000030517578	30.05000114440918
156.55999755859375	82.0199966430664	31.229999542236328
157.41000366210938	87.47000122070313	28.280000686645508
156.00999450683594	90.15999603271484	28.40999984741211
153.90000915527344	91.83999633789063	28.57000160217285
154.36000061035156	90.4800033569336	26.28999900817871
152.1699981689453	92.02999877929688	26.510000228881836
160.44000244140625	87.74000549316406	27.720001220703125
161.02999877929688	90.77999877929688	27.729999542236328
160.8900146484375	84.97000122070313	26.389999389648438
161.45001220703125	82.48999786376953	28.479999542236328
159.11000061035156	85.27000427246094	23.880001068115234
155.9300079345703	86.09000396728516	24.040000915527344
160.54000854492188	87.69000244140625	22.579998016357422
158.61000061035156	90.22000122070313	23.05000114440918
155.9499969482422	91.07000732421875	21.35999870300293
163.4300079345703	86.59000396728516	22.3799991607666
164.8800048828125	87.8699951171875	25.060001373291016
163.51998901367188	83.30000305175781	22.560001373291016
165.25999450683594	82.52999877929688	24.849998474121094
167.75	81.7300033569336	25.529998779296875
166.25999450683594	83.12999725341797	27.290000915527344
161.3400115966797	82.29999542236328	20.290000915527344
158.97999572753906	83.69000244140625	19.110000610351563
157.13999938964844	83.5999984741211	17.139999389648438
156.61000061035156	84.94000244140625	19.420000076293945
161.63999938964844	79.22999572753906	19.93000030517578
163.7899932861328	78.22000122070313	17.889999389648438
165.2899932861328	79.20999908447266	15.859999656677246
159.70999145507813	78.29000091552734	22.170000076293945
160.55999755859375	79.22000122070313	24.610000610351563
157.10000610351563	79.6500015258789	21.18000030517578
155.97000122070313	81.30000305175781	23.559999465942383
157.0	78.4800033569336	18.31999969482422
158.83999633789063	79.45999908447266	15.970000267028809
160.6699981689453	81.30999755859375	15.219999313354492
159.87001037597656	79.41999816894531	13.470000267028809
157.0	75.47000122070313	19.059999465942383
159.89999389648438	74.5	17.979999542236328
161.3400115966797	74.93000030517578	15.0
154.38999938964844	75.44000244140625	20.729999542236328
154.00999450683594	76.36000061035156	23.529998779296875
154.3800048828125	77.25	26.049999237060547
152.22000122070313	75.73999786376953	25.450000762939453
152.47999572753906	76.5999984741211	18.579999923706055
151.9499969482422	79.51000213623047	19.139999389648438
152.9199981689453	82.01000213623047	19.489999771118164
150.25999450683594	81.61000061035156	19.239999771118164
152.98001098632813	74.47999572753906	16.380001068115234
156.27999877929688	74.97000122070313	14.190000534057617
152.0500030517578	72.0	17.979999542236328
154.5500030517578	70.31999969482422	18.389999389648438
156.8800048828125	69.31999969482422	17.450000762939453
155.3199920654297	67.81999969482422	19.06999969482422
149.13999938964844	72.94999694824219	18.510000228881836
148.3300018310547	73.31999969482422	15.539999961853027
147.75	76.66999816894531	15.850000381469727
148.58999633789063	70.20999908447266	14.460000038146973
151.6699981689453	69.20999908447266	13.99000072479248
154.10000610351563	70.33000183105469	13.220000267028809
146.6199951171875	68.9000015258789	17.299999237060547
149.1800079345703	67.60000610351563	18.770000457763672
151.00999450683594	65.12000274658203	17.46000099182129
144.3000030517578	71.29000091552734	17.899999618530273
142.88999938964844	97.30999755859375	53.25
141.5800018310547	99.22000122070313	52.42000198364258
141.14999389648438	94.02000427246094	53.209999084472656
139.51998901367188	94.31999969482422	55.2400016784668
141.61000061035156	90.91999816894531	52.16999816894531
143.52999877929688	88.4000015258789	52.529998779296875
139.6699981689453	90.7699966430664	49.77000427246094
138.64999389648438	87.97000122070313	49.61000061035156
141.2899932861328	92.43000030517578	47.709999084472656
142.25999450683594	95.3499984741211	48.709999084472656
143.97000122070313	90.8699951171875	47.72999572753906
146.14999389648438	91.68000030517578	49.0
142.80999755859375	88.05999755859375	47.11000061035156
143.87998962402344	85.83999633789063	48.06999969482422
141.32000732421875	88.77999877929688	44.48999786376953
143.80999755859375	89.73999786376953	42.90999984741211
145.45999145507813	87.1300048828125	43.18000030517578
147.38999938964844	87.75	44.85000228881836
143.4499969482422	85.29000091552734	41.720001220703125
142.60000610351563	83.19999694824219	43.839996337890625
143.62001037597656	86.7800064086914	39.0
140.86000061035156	88.18000030517578	39.10000228881836
146.52999877929688	85.91999816894531	38.36000061035156
145.9199981689453	82.91000366210938	37.959999084472656
146.44000244140625	81.45999908447266	40.65999984741211
143.88999938964844	83.27999877929688	35.650001525878906
141.1699981689453	84.98999786376953	34.9900016784668
145.88999938964844	84.55000305175781	33.650001525878906
146.02000427246094	87.58999633789063	33.47999954223633
147.33999633789063	89.6199951171875	34.66999816894531
147.36000061035156	89.39999389648438	31.979999542236328
147.66000366210938	82.04000854492188	33.27000045776367
150.4499969482422	80.48999786376953	33.94000244140625
145.4199981689453	80.29000091552734	32.029998779296875
145.95999145507813	77.27000427246094	32.459999084472656
144.87001037597656	82.11000061035156	29.579999923706055
143.1699981689453	84.97000122070313	29.579999923706055
147.66000366210938	81.94999694824219	28.25
150.3800048828125	83.04000091552734	29.189998626708984
152.6699981689453	84.45999908447266	29.31999969482422
150.35000610351563	85.69000244140625	28.68000030517578
152.62998962402344	87.1300048828125	28.85999870300293
147.72000122070313	78.87999725341797	27.809999465942383
150.1199951171875	77.86000061035156	29.479999542236328
145.12998962402344	78.66000366210938	26.119998931884766
143.26998901367188	76.5	27.720001220703125
146.0	80.24000549316406	23.59000015258789
146.69000244140625	83.3800048828125	23.65999984741211
148.3800048828125	78.44999694824219	22.720001220703125
150.8199920654297	80.33000183105469	24.110000610351563
151.6300048828125	83.48999786376953	24.279998779296875
146.9499969482422	75.70999908447266	22.509998321533203
147.4499969482422	74.15999603271484	25.399999618530273
143.66000366210938	75.83000183105469	22.56999969482422
141.739990234375	73.50999450683594	22.490001678466797
139.0500030517578	73.29000091552734	22.67999839782715
140.52999877929688	71.18000030517578	21.8700008392334
142.9199981689453	77.97999572753906	20.17999839782715
144.47000122070313	80.05999755859375	18.829999923706055
145.6199951171875	82.51000213623047	18.90999984741211
144.02999877929688	81.82999420166016	16.84000015258789
139.83999633789063	77.75	19.90999984741211
139.5500030517578	75.11000061035156	18.010000228881836
139.42999267578125	72.58999633789063	17.029998779296875
139.05999755859375	79.73999786376953	22.149999618530273
139.86000061035156	78.88999938964844	24.59000015258789
140.47000122070313	82.25999450683594	21.040000915527344
142.01998901367188	83.43000793457031	23.450000762939453
139.0500030517578	82.34000396728516	18.279998779296875
139.79998779296875	83.48999786376953	15.570000648498535
139.75999450683594	83.00999450683594	12.90999984741211
139.55999755859375	85.54000091552734	13.829999923706055
136.1300048828125	82.61000061035156	19.290000915527344
133.33999633789063	81.42999267578125	18.810001373291016
132.13999938964844	79.51000213623047	16.559999465942383
136.45999145507813	85.30999755859375	20.790000915527344
137.24000549316406	85.68000030517578	23.59000015258789
138.35000610351563	85.5300064086914	26.049999237060547
137.04000854492188	87.77000427246094	25.299999237060547
137.510009765625	87.02999877929688	18.43000030517578
140.3699951171875	87.27999877929688	18.190000534057617
142.8199920654297	86.13999938964844	18.3700008392334
142.58999633789063	88.76000213623047	17.75
135.20001220703125	86.6199951171875	16.40999984741211
134.91000366210938	83.13999938964844	14.359999656677246
132.8699951171875	87.74000549316406	18.1299991607666
131.61000061035156	85.98999786376953	20.34000015258789
131.9199981689453	84.5	22.56999969482422
129.5800018310547	85.76000213623047	22.100000381469727
134.05999755859375	90.5300064086914	18.75
134.55999755859375	91.54999542236328	15.859999656677246
137.9300079345703	91.75	16.09000015258789
131.6199951171875	91.45000457763672	14.869999885559082
131.35000610351563	88.59000396728516	13.329999923706055
132.1699981689453	86.47999572753906	11.799999237060547
130.3800048828125	93.36000061035156	16.970001220703125
127.08999633789063	92.98999786376953	17.1200008392334
124.05999755859375	93.31000518798828	18.75
132.27999877929688	96.04999542236328	17.09000015258789
156.75	97.65999603271484	52.7400016784668
157.80999755859375	99.87999725341797	52.040000915527344
153.19000244140625	98.66000366210938	53.400001525878906
153.45999145507813	100.43999481201172	55.31999969482422
150.22000122070313	98.90999603271484	51.97999954223633
147.9300079345703	96.92000579833984	52.62000274658203
150.20001220703125	100.81000518798828	49.529998779296875
148.49000549316406	103.20999908447266	49.869998931884766
151.5500030517578	98.95999908447266	47.44999694824219
154.5800018310547	98.04000091552734	48.13999938964844
149.6300048828125	96.52999877929688	47.519996643066406
150.52999877929688	94.5199966430664	49.0
147.02999877929688	98.0300064086914	46.76000213623047
145.5399932861328	98.99000549316406	48.730003356933594
148.02000427246094	99.25	44.08000183105469
148.88999938964844	96.58000183105469	42.77000045776367
146.1300048828125	95.15999603271484	42.779998779296875
145.02999877929688	94.18999481201172	44.619998931884766
144.69000244140625	97.1300048828125	40.869998931884766
143.24000549316406	99.1500015258789	42.71999740600586
146.66000366210938	96.68000030517578	38.52000045776367
148.1999969482422	99.37000274658203	38.5
146.16000366210938	93.64999389648438	38.119998931884766
143.1699981689453	93.9000015258789	37.34000015258789
141.58999633789063	93.14999389648438	39.900001525878906
143.63999938964844	95.79000854492188	34.93000030517578
143.64999389648438	98.97999572753906	35.15999984741211
145.36000061035156	93.9000015258789	33.18000030517578
147.72999572753906	93.86000061035156	31.459999084472656
148.02000427246094	93.58000183105469	28.78999900817871
150.02000427246094	92.8499984741211	30.450000762939453
143.1300048828125	91.85000610351563	32.5
141.73001098632813	89.98999786376953	34.630001068115234
141.239990234375	93.85000610351563	31.079999923706055
139.1199951171875	94.72000122070313	33.15999984741211
143.13999938964844	94.70000457763672	28.780000686645508
144.82000732421875	97.47000122070313	29.46000099182129
143.47000122070313	91.92000579833984	27.439998626708984
145.4199981689453	89.61000061035156	27.889999389648438
146.6800079345703	87.46000671386719	26.8700008392334
147.6699981689453	89.93000030517578	26.420000076293945
148.8300018310547	87.79000091552734	25.260000228881836
140.47000122070313	91.42999267578125	26.8799991607666
139.82000732421875	89.42000579833984	29.149999618530273
139.989990234375	93.9000015258789	25.06999969482422
138.10000610351563	96.26000213623047	26.170001983642578
141.58999633789063	93.0	22.56999969482422
143.3300018310547	93.45999908447266	19.979999542236328
139.74000549316406	90.62999725341797	21.830001831054688
141.6199951171875	88.25	23.029998779296875
144.75999450683594	88.57000732421875	22.369998931884766
137.11000061035156	92.25	21.600000381469727
135.17999267578125	92.29999542236328	24.239999771118164
137.4499969482422	95.45999145507813	20.90999984741211
134.80999755859375	96.73999786376953	21.530000686645508
133.55999755859375	98.2699966430664	23.369998931884766
132.1999969482422	96.33000183105469	22.06999969482422
139.30999755859375	96.40999603271484	18.350000381469727
141.35000610351563	95.76000213623047	16.15999984741211
142.29000854492188	95.12000274658203	13.710000991821289
143.97000122070313	96.05999755859375	15.59999942779541
138.6300048828125	99.38999938964844	17.829999923706055
136.54000854492188	98.85000610351563	15.319999694824219
136.38999938964844	96.36000061035156	14.029999732971191
139.86000061035156	100.58999633789063	20.40999984741211
138.52999877929688	100.22999572753906	22.650001525878906
142.75999450683594	99.56000518798828	20.060001373291016
143.00999450683594	97.72999572753906	22.55000114440918
143.39999389648438	100.91999816894531	17.34000015258789
142.32000732421875	100.16999816894531	14.75999927520752
143.45999145507813	99.75999450683594	12.350000381469727
140.80999755859375	99.38999938964844	12.65999984741211
143.19000244140625	103.87999725341797	18.229999542236328
140.6199951171875	104.80999755859375	16.31999969482422
139.8300018310547	104.55000305175781	13.049999237060547
145.5399932861328	103.87000274658203	20.25
146.14999389648438	102.1300048828125	22.709999084472656
146.739990234375	100.3699951171875	24.670000076293945
148.4199981689453	102.41000366210938	24.149999618530273
147.79000854492188	103.05999755859375	18.270000457763672
148.3199920654297	100.63999938964844	16.739999771118164
147.5800018310547	99.04000091552734	14.6899995803833
150.0800018310547	98.87000274658203	15.710000038146973
147.55999755859375	105.43999481201172	16.299999237060547
145.02000427246094	104.38999938964844	13.4399995803833
148.3000030517578	107.70999908447266	18.279998779296875
147.97000122070313	110.72999572753906	17.59000015258789
148.41000366210938	113.25	18.450000762939453
148.36000061035156	112.70999908447266	15.800000190734863
151.07000732421875	106.6199951171875	19.139999389648438
152.39999389648438	106.36000061035156	16.350000381469727
153.10000610351563	103.05999755859375	16.399999618530273
152.1800079345703	109.29000091552734	15.360000610351563
149.83999633789063	108.76000213623047	13.029999732971191
147.1800079345703	108.95000457763672	12.389999389648438
153.16000366210938	110.97999572753906	18.020000457763672
153.22000122070313	114.0999984741211	17.059999465942383
152.02999877929688	116.27999877929688	14.800000190734863
155.41000366210938	109.27000427246094	19.630001068115234
