X	Y	Z
4.739084243774414	8.10645580291748	-8.102237701416016
16.063735961914063	183.264404296875	-8.369266510009766
77.06520080566406	52.1543083190918	-9.82231330871582
134.55368041992188	140.96282958984375	-7.569694519042969
145.6960906982422	172.7509307861328	-4.573280334472656
204.11370849609375	126.92181396484375	-5.758243560791016
54.49894714355469	191.9976348876953	-8.785545349121094
56.52543258666992	99.5245132446289	-10.660287857055664
107.8095932006836	55.83726501464844	-10.0181884765625
216.62156677246094	96.42794036865234	-10.379606246948242
169.81040954589844	22.376976013183594	-5.5902557373046875
32.06558609008789	219.27755737304688	-12.338123321533203
188.6973419189453	47.09694290161133	-9.370880126953125
46.57831954956055	66.15118408203125	-11.001543045043945
115.88874053955078	192.90524291992188	-4.883037567138672
119.48526763916016	84.70401763916016	-12.92637825012207
