X	Y	Z
179.30999755859375	211.41497802734375	8.32210922241211
26.380001068115234	147.3699951171875	29.259105682373047
203.16598510742188	165.5989990234375	16.77910614013672
151.85198974609375	208.41900634765625	13.308109283447266
41.43799591064453	77.57599639892578	19.600109100341797
215.80499267578125	30.203998565673828	31.803104400634766
52.38100051879883	13.522998809814453	23.748104095458984
104.33999633789063	32.152000427246094	13.940105438232422
184.23898315429688	124.69599914550781	14.139106750488281
109.42900085449219	175.88101196289063	20.26910400390625
168.39199829101563	82.65099334716797	6.318103790283203
29.26099967956543	85.09300231933594	18.09710693359375
104.68399810791016	22.48499870300293	13.074104309082031
136.1439971923828	16.832000732421875	15.219104766845703
134.15199279785156	200.3699951171875	19.531105041503906
132.8909912109375	143.9029998779297	19.315105438232422
35.322998046875	30.371999740600586	27.176105499267578
131.5970001220703	54.75299835205078	10.206104278564453
111.77000427246094	131.2429962158203	16.529102325439453
1.215000033378601	65.32899475097656	24.229106903076172
116.4219970703125	131.13299560546875	17.694103240966797
184.77099609375	215.6719970703125	13.888103485107422
133.1230010986328	35.02299880981445	11.188102722167969
-0.47599998116493225	-2.940999984741211	29.855106353759766
152.40200805664063	33.29100036621094	15.915103912353516
107.85299682617188	93.04499816894531	13.756107330322266
200.8470001220703	200.9709930419922	15.622108459472656
199.92098999023438	32.112998962402344	24.280109405517578
54.277000427246094	134.08200073242188	15.550106048583984
180.07200622558594	44.102996826171875	17.96310806274414
53.13699722290039	123.09700012207031	14.82110595703125
36.9119987487793	219.03199768066406	25.927104949951172
177.19598388671875	39.96699905395508	17.604106903076172
62.56700134277344	173.32398986816406	13.917102813720703
105.7229995727539	198.7689971923828	23.927104949951172
75.37699890136719	33.869998931884766	12.98910140991211
157.09799194335938	186.91299438476563	9.57110595703125
91.08399200439453	206.3419952392578	25.061100006103516
102.04899597167969	168.44598388671875	16.10910415649414
141.47000122070313	134.2939910888672	16.349109649658203
19.677000045776367	6.664999961853027	35.313102445312495
142.9739990234375	204.08200073242188	15.543106079101563
27.049999237060547	69.61299896240234	26.983104705810547
219.843994140625	163.46600341796875	20.727108001708984
68.60399627685547	214.20700073242188	26.84310531616211
45.74299621582031	98.3010025024414	16.018108367919922
194.572998046875	26.44700050354004	25.264102935791016
65.94599914550781	114.29199981689453	14.576103210449219
164.71099853515625	105.04399108886719	6.461109161376953
39.332000732421875	45.683998107910156	31.6611020180664
194.3929901123047	141.19200134277344	16.255104064941406
171.49099731445313	210.44400024414063	9.97610855102539
123.47599792480469	195.4609832763672	18.450103759765625
174.81900024414063	117.0169906616211	11.538105010986328
5.083000183105469	54.26599884033203	27.690105438232422
189.71697998046875	128.16799926757813	18.24810791015625
107.08399963378906	161.57899475097656	21.3341064453125
137.61099243164063	193.43099975585938	20.355106353759766
2.4539999961853027	216.2519989013672	26.472103118896484
130.85699462890625	48.05400085449219	8.367107391357422
183.73800659179688	147.93699645996094	15.24410629272461
51.404998779296875	90.59899139404297	16.255104064941406
107.19900512695313	127.68199920654297	14.76010513305664
216.4320068359375	103.19999694824219	19.50210952758789
52.55799865722656	32.03300094604492	21.513107299804688
189.9219970703125	83.80799865722656	9.24310302734375
124.08499908447266	120.68900299072266	15.373104095458984
167.8719940185547	17.18899917602539	15.919105529785156
203.17599487304688	143.3159942626953	21.25310516357422
139.50100708007813	172.63299560546875	12.564102172851563
224.90699768066406	198.23500061035156	20.642105102539063
143.06399536132813	8.972999572753906	16.702106475830078
58.07499694824219	83.22699737548828	18.83310317993164
196.32098388671875	208.39599609375	14.085102081298828
72.44000244140625	199.30398559570313	22.236106872558594
139.9459991455078	1.3569999933242798	18.32410430908203
55.70600128173828	184.83798217773438	17.473102569580078
30.92099952697754	149.51998901367188	26.681102752685547
97.2139892578125	15.073999404907227	12.108104705810547
153.79100036621094	61.14299774169922	10.736103057861328
132.1719970703125	218.69200134277344	19.373104095458984
72.91499328613281	34.5629997253418	17.11510467529297
114.16799926757813	140.0970001220703	20.935104370117188
172.1909942626953	151.13299560546875	12.95010757446289
59.670997619628906	116.66299438476563	13.350109100341797
190.88998413085938	201.6490020751953	11.035106658935547
193.8990020751953	123.8709945678711	17.62310791015625
8.717000007629395	44.45899963378906	30.96310043334961
147.88099670410156	34.763999938964844	16.51910400390625
211.54498291015625	167.36398315429688	20.992103576660156
160.7130126953125	4.8470001220703125	16.857105255126953
96.63999938964844	221.68499755859375	22.089107513427734
188.36300659179688	114.72299194335938	19.009105682373047
18.185998916625977	200.02999877929688	27.347103118896484
48.19599914550781	77.71299743652344	19.01610565185547
80.67900085449219	215.68800354003906	30.142101287841797
158.99798583984375	116.25499725341797	8.714107513427734
82.89500427246094	5.995999336242676	22.494102478027344
132.5189971923828	108.3489990234375	8.887107849121094
21.55900001525879	172.86898803710938	24.176105499267578
108.41799926757813	67.78099822998047	12.660106658935547
53.590999603271484	179.8300018310547	16.901103973388672
195.82899475097656	14.924999237060547	25.087108612060547
207.458984375	80.88600158691406	21.957103729248047
181.30099487304688	13.428998947143555	16.340106964111328
50.83799743652344	46.917999267578125	23.854106903076172
42.86399841308594	146.99899291992188	21.100101470947266
128.66299438476563	187.83499145507813	20.368106842041016
211.94198608398438	135.71600341796875	21.44910430908203
188.32501220703125	181.94598388671875	12.659103393554688
202.85400390625	226.94500732421875	22.917102813720703
38.263999938964844	79.43999481201172	16.406105041503906
74.9020004272461	20.520000457763672	19.84310531616211
-1.4259999990463257	139.6429901123047	21.34210205078125
152.57000732421875	164.28900146484375	13.87210464477539
177.79800415039063	22.084999084472656	19.499103546142578
154.88999938964844	200.76199340820313	9.877105712890625
162.29998779296875	229.59999084472656	14.009105682373047
71.5479965209961	206.7050018310547	23.537105560302734
219.6649932861328	39.038002014160156	31.664103231140132
77.572998046875	141.25299072265625	16.623104095458984
121.93299102783203	67.73799896240234	13.152103424072266
89.41100311279297	155.00399780273438	20.52810287475586
45.288997650146484	191.6999969482422	21.466106414794922
104.46600341796875	4.421000003814697	17.173107147216797
108.25799560546875	18.297000885009766	14.695106506347656
42.612998962402344	92.8179931640625	20.477108001708984
160.21200561523438	98.82099914550781	7.131107330322266
33.33599853515625	87.67899322509766	18.62210464477539
158.7659912109375	134.02999877929688	10.74810791015625
87.82799530029297	214.35198974609375	23.13210678100586
189.98800659179688	9.777000427246094	19.58010482788086
128.46200561523438	41.55500030517578	8.016105651855469
89.76399230957031	91.83099365234375	10.306106567382813
26.222000122070313	4.930999755859375	32.136104583740234
170.2659912109375	68.4419937133789	10.697105407714844
201.8560028076172	152.90899658203125	19.782108306884766
201.9429931640625	115.77899932861328	19.732105255126953
97.73399353027344	213.84498596191406	23.511104583740234
81.20700073242188	33.03900146484375	14.743106842041016
46.14900207519531	25.85099983215332	28.732105255126953
204.40399169921875	44.93499755859375	25.706104278564453
57.858001708984375	62.15399932861328	20.93210220336914
54.45499801635742	95.20199584960938	15.930107116699219
55.70600128173828	147.5989990234375	17.746105194091797
146.20700073242188	193.32699584960938	14.673107147216797
28.371000289916992	212.7969970703125	24.766101837158203
87.9219970703125	67.25999450683594	17.978107452392578
216.8489990234375	120.18499755859375	22.423107147216797
58.071998596191406	25.4689998626709	23.85910415649414
207.906005859375	89.85499572753906	20.629108428955078
23.66499900817871	228.31399536132813	33.93610259027099
148.1300048828125	71.78900146484375	10.223102569580078
94.89999389648438	79.13199615478516	9.736106872558594
135.91299438476563	171.64700317382813	16.20010757446289
127.947998046875	29.27899932861328	8.552104949951172
96.67900085449219	54.946998596191406	11.623104095458984
47.378997802734375	103.33099365234375	18.596107482910156
47.21900177001953	221.61199951171875	27.212108612060547
186.73199462890625	130.35299682617188	14.82510757446289
112.71499633789063	160.7139892578125	19.636104583740234
199.60800170898438	128.8040008544922	19.232105255126953
117.302001953125	148.26300048828125	23.628101348876953
207.7449951171875	70.32599639892578	20.116107940673828
134.1790008544922	65.70899963378906	13.820106506347656
215.30499267578125	66.51200103759766	24.28110122680664
37.236000061035156	15.412999153137207	33.86211013793945
168.01300048828125	38.077999114990234	18.723102569580078
119.28699493408203	171.39199829101563	19.04210662841797
137.156005859375	109.14399719238281	10.828105926513672
218.89599609375	172.2449951171875	20.00310516357422
57.416996002197266	99.24800109863281	18.053104400634766
74.65499877929688	161.7639923095703	19.89110565185547
174.2919921875	131.46499633789063	10.073104858398438
159.02699279785156	58.362998962402344	9.71810531616211
114.81499481201172	97.85599517822266	11.463104248046875
216.49598693847656	7.899999618530273	29.960102081298828
199.3409881591797	5.787999629974365	25.017108917236328
16.551000595092773	32.48699951171875	30.20810317993164
150.22999572753906	76.62999725341797	8.749103546142578
27.638999938964844	139.81900024414063	27.237110137939453
104.29900360107422	76.04399871826172	11.089107513427734
130.47799682617188	66.8699951171875	11.42410659790039
47.94599914550781	3.263000011444092	31.394107818603516
76.89799499511719	109.79499816894531	15.613105773925781
134.48599243164063	154.2239990234375	21.704105377197266
32.18499755859375	21.540000915527344	31.72210284204101
19.397998809814453	132.72799682617188	28.197101593017578
212.86801147460938	58.23400115966797	26.12710952758789
92.0989990234375	160.7939910888672	20.943103790283203
37.97099685668945	187.40798950195313	22.09310531616211
120.76599884033203	17.42099952697754	15.52810287475586
66.32699584960938	23.131999969482422	22.867107391357422
207.47900390625	138.2209930419922	19.998104095458984
84.96299743652344	72.11699676513672	14.065105438232422
59.288997650146484	19.16699981689453	21.422107696533203
45.69200134277344	88.27899932861328	17.046104431152344
173.25100708007813	185.97598266601563	7.095104217529297
67.43199920654297	140.82699584960938	18.979103088378906
2.3539998531341553	220.13999938964844	30.091106414794922
29.465999603271484	174.39199829101563	25.54910659790039
26.744998931884766	79.78799438476563	22.316104888916016
28.251998901367188	34.968997955322266	26.00510025024414
223.83499145507813	207.4980010986328	22.772106170654297
137.0869903564453	41.70099639892578	11.316104888916016
148.86199951171875	226.89100646972656	13.80710220336914
100.16099548339844	105.33100128173828	12.965103149414063
97.70599365234375	-0.10799999535083771	17.887104034423828
58.698997497558594	154.11199951171875	20.23910903930664
117.87300109863281	177.14199829101563	20.181102752685547
162.1009979248047	185.1490020751953	8.38510513305664
105.54499816894531	44.76100158691406	11.993106842041016
210.79898071289063	186.77700805664063	15.495105743408203
197.8820037841797	174.50799560546875	16.838104248046875
159.10699462890625	43.58799743652344	12.494102478027344
6.133999824523926	184.46099853515625	22.95510482788086
154.1060028076172	126.23699951171875	10.000106811523438
189.02899169921875	90.50299835205078	10.176105499267578
210.385986328125	12.979999542236328	30.064105987548828
22.437000274658203	42.90199661254883	30.866107940673828
176.55198669433594	48.20499801635742	15.931106567382813
5.203999996185303	9.819000244140625	34.902102193542476
43.31699752807617	162.48800659179688	24.686107635498047
183.76498413085938	56.25299835205078	19.724102020263672
131.5279998779297	182.52899169921875	18.786102294921875
107.5979995727539	150.40699768066406	23.819103240966797
193.50599670410156	172.81201171875	13.623104095458984
85.83000183105469	80.18899536132813	13.339107513427734
89.56299591064453	47.948997497558594	12.886104583740234
162.17100524902344	31.07499885559082	14.64510726928711
122.65499877929688	27.13800048828125	12.99310302734375
165.27099609375	8.878999710083008	15.991104125976563
-0.8429999351501465	108.89800262451172	24.665103912353516
220.84999084472656	61.45499801635742	23.48410415649414
149.6669921875	197.80099487304688	13.121105194091797
211.11599731445313	206.17999267578125	26.052104949951172
230.16099548339844	119.70899963378906	23.943103790283203
125.85399627685547	111.86100006103516	14.85910415649414
159.2740020751953	17.310998916625977	13.461105346679688
175.4010009765625	108.35700225830078	11.892105102539063
128.46800231933594	169.66000366210938	22.201107025146484
49.571998596191406	211.78298950195313	24.303104400634766
179.87600708007813	159.27798461914063	15.435108184814453
14.932999610900879	42.920997619628906	30.769107818603516
227.98500061035156	35.94599914550781	31.546100616455078
166.656982421875	131.75399780273438	10.112106323242188
180.99301147460938	83.98499298095703	10.204105377197266
122.76800537109375	141.90599060058594	22.418106079101563
163.7080078125	109.78699493408203	8.146106719970703
199.92098999023438	58.959999084472656	22.308101654052734
152.6479949951172	49.15999984741211	14.78310775756836
225.01998901367188	103.6709976196289	22.12210464477539
213.44598388671875	44.840999603271484	25.18210220336914
11.683999061584473	86.27200317382813	21.685108184814453
33.97599792480469	-0.9739999771118164	31.482105255126953
18.44700050354004	67.56199645996094	24.190105438232422
49.878997802734375	23.75299835205078	26.355106353759766
42.35799789428711	214.45098876953125	26.053104400634766
37.49199676513672	155.8929901123047	24.277103424072266
95.41099548339844	185.99600219726563	21.81310272216797
61.650001525878906	156.19000244140625	16.364105224609375
141.8489990234375	177.93899536132813	12.421104431152344
1.2919999361038208	40.44399642944336	31.097103118896484
82.34199523925781	125.2979965209961	14.191104888916016
227.35899353027344	217.89498901367188	25.066104888916016
158.3719940185547	27.121000289916992	12.972103118896484
71.85400390625	218.15399169921875	29.042102813720703
41.46500015258789	37.20399856567383	28.84310531616211
140.89599609375	37.62300109863281	15.86810302734375
13.880998611450195	170.5500030517578	23.18710708618164
60.720001220703125	219.58799743652344	27.584110260009766
46.26499557495117	67.28099822998047	21.33110809326172
144.8990020751953	21.0049991607666	14.392105102539063
42.47299575805664	103.13300323486328	17.646106719970703
181.093994140625	100.6259994506836	13.397106170654297
138.19699096679688	138.22900390625	17.254108428955078
139.70700073242188	211.75698852539063	17.422107696533203
77.78700256347656	67.57899475097656	16.540103912353516
192.74099731445313	137.4969940185547	18.710105895996094
68.50199890136719	59.38399887084961	14.326107025146484
158.1219940185547	226.4739990234375	11.608104705810547
168.86000061035156	95.74400329589844	7.5561065673828125
204.13299560546875	99.27799987792969	16.453105926513672
111.99099731445313	9.49799919128418	17.151103973388672
177.41400146484375	70.73699951171875	10.44610595703125
205.67599487304688	222.74598693847656	25.108104705810547
192.0800018310547	39.60099792480469	20.633102416992188
151.69000244140625	141.8369903564453	16.325103759765625
67.63700103759766	198.72799682617188	20.274105072021484
86.0219955444336	222.81198120117188	26.012104034423828
196.6129913330078	1.7970000505447388	22.818103790283203
118.14700317382813	56.72599792480469	10.469104766845703
126.81800079345703	205.6510009765625	18.821102142333984
184.7689971923828	139.93299865722656	13.825103759765625
14.678998947143555	106.11000061035156	23.060108184814453
115.90399932861328	3.294999837875366	20.854103088378906
205.40399169921875	179.32998657226563	15.730106353759766
33.680999755859375	167.80999755859375	26.797107696533203
225.27899169921875	75.76699829101563	21.018108367919922
10.927000045776367	198.65098571777344	24.793109893798828
196.32398986816406	39.117000579833984	23.243106842041016
103.1209945678711	228.1199951171875	19.19610595703125
131.9639892578125	99.55799865722656	12.101104736328125
30.402000427246094	193.79299926757813	26.540103912353516
223.10899353027344	67.94099426269531	21.69210433959961
158.89700317382813	153.802001953125	11.741107940673828
179.81199645996094	214.96099853515625	11.682106018066406
194.12100219726563	206.0159912109375	9.926105499267578
199.13499450683594	97.82400512695313	13.002105712890625
175.27499389648438	137.41099548339844	10.93210220336914
44.92000198364258	117.85299682617188	17.745105743408203
196.19699096679688	151.35499572753906	18.768108367919922
55.50600051879883	79.10099792480469	19.287105560302734
189.6719970703125	160.614990234375	16.801105499267578
141.80299377441406	159.75	17.035106658935547
134.4709930419922	179.27200317382813	16.04210662841797
117.125	77.3219985961914	11.399105072021484
190.69898986816406	0.16300000250339508	20.23910903930664
187.0579833984375	209.31199645996094	12.870105743408203
79.84200286865234	63.512996673583984	17.91710662841797
151.71800231933594	90.21399688720703	6.459102630615234
83.73299407958984	157.34500122070313	17.938106536865234
192.69300842285156	110.2979965209961	15.989105224609375
93.13200378417969	152.13198852539063	19.733104705810547
29.661998748779297	156.5260009765625	27.508106231689453
186.906982421875	229.3939971923828	17.287105560302734
0.6059999465942383	27.878999710083008	35.70710154504394
102.1939926147461	56.03099822998047	12.952106475830078
87.97599792480469	39.763999938964844	15.435108184814453
41.87200164794922	84.89199829101563	18.03610610961914
112.65299987792969	94.0199966430664	14.828105926513672
33.80799865722656	132.41600036621094	23.006107330322266
21.23999786376953	100.6209945678711	20.285106658935547
92.18899536132813	174.00099182128906	21.826107025146484
224.7799835205078	225.80398559570313	26.969104766845703
102.7969970703125	10.843999862670898	16.208106994628906
55.282997131347656	163.2379913330078	19.72210693359375
11.343000411987305	16.388999938964844	31.945102414794917
209.34201049804688	126.49299621582031	20.857105255126953
171.3369903564453	48.106998443603516	17.056102752685547
81.86399841308594	120.13699340820313	13.09710693359375
115.23599243164063	196.4659881591797	21.302104949951172
167.5039825439453	155.55099487304688	10.943103790283203
112.43199157714844	165.7740020751953	18.47710418701172
152.0959930419922	5.104000091552734	16.297103881835938
69.45899963378906	121.1669921875	12.91110610961914
49.42100143432617	171.08700561523438	18.69510269165039
135.24400329589844	50.94499969482422	9.436103820800781
109.05599975585938	138.14999389648438	20.124103546142578
77.67500305175781	6.810999870300293	24.136104583740234
118.82899475097656	152.67599487304688	21.293102264404297
2.7960000038146973	101.39299011230469	21.184101104736328
162.5129852294922	215.0019989013672	12.683109283447266
77.92500305175781	16.108999252319336	19.811107635498047
180.55899047851563	177.45599365234375	13.824108123779297
160.8409881591797	143.4409942626953	12.238101959228516
119.46199035644531	62.94399642944336	13.288105010986328
153.4550018310547	25.534000396728516	13.425106048583984
21.340999603271484	48.540000915527344	28.073101043701172
66.0469970703125	108.90699768066406	15.189105987548828
5.1449995040893555	212.77198791503906	23.147106170654297
131.04299926757813	135.28199768066406	17.126102447509766
30.381000518798828	48.8129997253418	31.970104217529297
184.28199768066406	135.625	11.279102325439453
49.597999572753906	8.432999610900879	31.425106048583984
114.03900146484375	104.37999725341797	17.719104766845703
147.7469940185547	56.77099609375	9.938102722167969
118.74299621582031	7.619999885559082	17.413105010986328
88.53499603271484	180.47898864746094	20.325103759765625
82.75599670410156	192.84500122070313	20.81710433959961
221.79800415039063	118.18099975585938	23.405109405517578
145.8679962158203	219.49600219726563	16.682106018066406
64.81900024414063	65.36199951171875	16.551105499267578
124.68099975585938	214.38299560546875	21.99810791015625
145.7949981689453	189.17799377441406	12.143104553222656
142.36099243164063	70.30599975585938	10.846107482910156
77.23699951171875	128.02700805664063	12.224102020263672
157.4149932861328	213.58700561523438	9.152103424072266
30.557998657226563	126.67298889160156	23.995105743408203
105.7179946899414	207.48699951171875	24.262104034423828
204.59597778320313	129.76800537109375	21.413105010986328
184.114990234375	51.422996520996094	18.163105010986328
29.250999450683594	204.16299438476563	26.855106353759766
22.939998626708984	126.68399810791016	25.375102996826172
66.71299743652344	157.30499267578125	18.681102752685547
185.27999877929688	195.26498413085938	9.041107177734375
40.718997955322266	129.17100524902344	19.005104064941406
65.4209976196289	95.78399658203125	14.387104034423828
120.39399719238281	129.5139923095703	14.214107513427734
61.01899719238281	164.67800903320313	17.462108612060547
98.36399841308594	48.6359977722168	14.46810531616211
173.1790008544922	143.86000061035156	8.026103973388672
74.5009994506836	150.18800354003906	18.957107543945313
89.27899169921875	226.2570037841797	21.421104431152344
22.0989990234375	61.57499694824219	28.451107025146484
144.96499633789063	126.68299865722656	16.319103240966797
217.2209930419922	185.54100036621094	19.194103240966797
50.05799865722656	143.09298706054688	18.600101470947266
201.70700073242188	109.9520034790039	19.005104064941406
217.18299865722656	216.12799072265625	30.912105560302734
133.73199462890625	90.61399841308594	9.948108673095703
42.30799865722656	31.299999237060547	30.39011001586914
42.14399719238281	124.98600006103516	21.22510528564453
27.373998641967773	59.4379997253418	28.13510513305664
14.277999877929688	191.572998046875	26.871105194091797
26.656999588012695	161.61399841308594	28.038105010986328
199.9119873046875	220.74098205566406	18.114105224609375
49.72699737548828	72.20199584960938	21.341106414794922
98.95099639892578	115.97599792480469	9.255107879638672
194.65899658203125	102.77299499511719	19.559104919433594
15.479000091552734	154.85699462890625	29.550106048583984
135.22000122070313	117.50399780273438	13.05410385131836
32.375999450683594	105.37799835205078	21.175106048583984
30.878000259399414	181.9879913330078	21.103107452392578
80.45500183105469	146.05699157714844	18.793102264404297
10.935998916625977	163.40798950195313	28.834110260009766
145.8419952392578	95.36399841308594	5.445106506347656
4.615999698638916	1.5149999856948853	35.765102109619136
60.74800109863281	186.14500427246094	18.76910400390625
25.361000061035156	93.0149917602539	18.236103057861328
98.90699768066406	205.1820068359375	22.29110336303711
209.14999389648438	3.928999900817871	28.290103912353516
191.385009765625	177.47999572753906	14.813106536865234
64.18599700927734	227.7519989013672	26.295108795166016
0.7580000162124634	186.18699645996094	21.677104949951172
131.45498657226563	213.3669891357422	18.044105529785156
45.48599624633789	52.09699630737305	25.076107025146484
210.8529815673828	195.677978515625	17.96810531616211
5.578000068664551	66.46399688720703	26.71310806274414
150.10400390625	133.34500122070313	14.874107360839844
210.8079833984375	223.27499389648438	26.019100189208984
152.93600463867188	68.13099670410156	11.877105712890625
181.68399047851563	202.69898986816406	9.819103240966797
60.58700180053711	147.20098876953125	16.771102905273438
61.54199981689453	121.28999328613281	14.608104705810547
167.1859893798828	59.593997955322266	11.26010513305664
203.34799194335938	74.30899810791016	17.87610626220703
225.03399658203125	12.038999557495117	31.718103131958003
114.4229965209961	216.32901000976563	21.294105529785156
162.9049835205078	152.02899169921875	10.326107025146484
112.23499298095703	203.90899658203125	21.079105377197266
126.70999145507813	77.25199890136719	13.10110855102539
127.17100524902344	116.80500030517578	13.202106475830078
100.32799530029297	42.13800048828125	10.815105438232422
196.65199279785156	90.04199981689453	15.452106475830078
88.00700378417969	19.899999618530273	14.990108489990234
24.53499984741211	32.327999114990234	29.875102996826172
177.45498657226563	142.10499572753906	13.76510238647461
9.666000366210938	188.1999969482422	24.204105377197266
100.697998046875	120.26899719238281	11.082107543945313
162.27297973632813	126.86699676513672	9.194103240966797
212.49600219726563	152.75900268554688	22.762104034423828
209.96299743652344	148.41299438476563	22.844104766845703
93.6240005493164	41.781002044677734	16.586105346679688
172.06800842285156	20.85099983215332	15.93410873413086
184.17098999023438	207.6959991455078	8.762104034423828
3.123999834060669	76.78199768066406	20.995105743408203
179.31500244140625	32.54499816894531	21.020103454589844
104.7919921875	49.486000061035156	12.361103057861328
127.35499572753906	58.959999084472656	12.078105926513672
217.19200134277344	69.93699645996094	19.565105438232422
207.281005859375	121.70799255371094	20.989105224609375
221.2969970703125	42.946998596191406	29.14810562133789
128.01199340820313	158.83799743652344	21.954105377197266
25.878999710083008	102.8030014038086	20.353103637695313
175.49200439453125	62.24199676513672	12.447105407714844
10.805999755859375	116.34100341796875	26.190105438232422
80.71099853515625	203.75999450683594	24.965106964111328
1.8279999494552612	172.28500366210938	22.43010711669922
188.99700927734375	15.089999198913574	22.14810562133789
223.85699462890625	138.03599548339844	24.103107452392578
92.92599487304688	190.78298950195313	21.62810516357422
90.0199966430664	3.4109997749328613	16.298107147216797
77.65699768066406	131.89898681640625	16.577106475830078
55.28599548339844	220.87998962402344	28.922107696533203
20.44999885559082	141.00999450683594	28.233104705810547
163.54299926757813	118.58699798583984	8.046104431152344
195.95899963378906	61.77499771118164	19.519107818603516
105.32799530029297	27.319000244140625	12.000102996826172
53.08899688720703	189.10400390625	17.031105041503906
168.77899169921875	145.51800537109375	9.02310562133789
205.0129852294922	58.856998443603516	23.75710678100586
149.7949981689453	114.6719970703125	10.726104736328125
211.885986328125	53.78200149536133	24.771106719970703
203.55299377441406	13.595999717712402	29.07010269165039
103.00700378417969	134.97799682617188	17.17410659790039
204.5500030517578	212.7310028076172	18.486106872558594
136.09799194335938	77.37199401855469	13.334102630615234
140.0399932861328	58.9640007019043	12.249103546142578
182.8260040283203	28.262001037597656	21.428104400634766
46.83599853515625	166.29299926757813	19.730106353759766
2.7860000133514404	198.86798095703125	21.27010726928711
41.680999755859375	157.82699584960938	21.49010467529297
76.1189956665039	40.446998596191406	12.962104797363281
19.139999389648438	183.2939910888672	27.75210952758789
176.75599670410156	165.02999877929688	12.461105346679688
174.02899169921875	180.87200927734375	8.562103271484375
141.51998901367188	17.136999130249023	14.883106231689453
184.42098999023438	45.538997650146484	19.703105926513672
99.08499908447266	91.093994140625	11.005107879638672
69.40499877929688	104.7760009765625	13.309104919433594
48.66899871826172	37.82899856567383	25.779102325439453
128.75299072265625	21.29199981689453	14.659107208251953
135.875	28.594999313354492	11.480106353759766
227.86599731445313	49.19200134277344	24.733104705810547
166.80799865722656	137.26100158691406	11.791107177734375
87.24299621582031	52.85199737548828	13.681102752685547
210.92498779296875	105.99099731445313	22.013103485107422
146.531005859375	158.46200561523438	17.986103057861328
122.20600128173828	77.98899841308594	11.232105255126953
41.43899917602539	196.4449920654297	21.957103729248047
104.072998046875	182.9969940185547	22.147106170654297
34.97700119018555	118.47999572753906	18.782108306884766
31.016998291015625	217.01898193359375	25.147106170654297
206.99998474121094	202.61099243164063	16.44910430908203
23.44099998474121	116.64399719238281	24.992107391357422
112.35499572753906	179.8079833984375	22.543102264404297
34.099998474121094	222.68499755859375	29.621105194091797
191.03599548339844	168.40200805664063	12.738105773925781
4.947999954223633	134.1389923095703	27.236103057861328
163.2340087890625	89.75099182128906	8.910106658935547
84.23099517822266	199.7329864501953	23.186100006103516
141.9429931640625	184.11801147460938	16.89810562133789
125.80899047851563	129.19000244140625	14.035106658935547
51.896995544433594	59.44999694824219	20.41710662841797
119.4889907836914	193.3979949951172	21.42310333251953
119.33599853515625	184.90798950195313	20.52710723876953
144.71800231933594	88.87800598144531	8.794105529785156
185.8280029296875	37.282997131347656	19.665103912353516
102.47699737548828	61.749000549316406	14.820106506347656
95.80699920654297	170.22100830078125	23.25710678100586
170.78900146484375	91.05099487304688	7.434108734130859
221.91299438476563	149.99600219726563	24.353107452392578
201.39599609375	90.72500610351563	15.116107940673828
227.61000061035156	4.63700008392334	28.964107513427734
59.332000732421875	7.8389997482299805	24.284107208251953
26.48699951171875	62.69300079345703	23.768108367919922
115.5219955444336	225.45700073242188	20.072105407714844
214.8209991455078	98.67900085449219	18.01010513305664
57.90699768066406	70.65299987792969	18.277103424072266
150.72799682617188	218.97698974609375	10.961105346679688
54.917999267578125	208.3059844970703	23.81210708618164
227.07498168945313	175.54299926757813	21.167102813720703
123.70299530029297	160.9709930419922	24.069103240966797
220.10699462890625	50.99399948120117	26.379108428955078
20.795997619628906	16.638999938964844	31.288105010986328
141.7869873046875	224.07400512695313	17.672107696533203
220.30300903320313	200.97000122070313	20.921104431152344
15.800999641418457	36.875999450683594	32.41010665893555
39.77299880981445	147.7259979248047	25.517101287841797
2.428999900817871	18.81399917602539	36.50610228509521
180.0919952392578	188.98399353027344	9.482105255126953
110.48799133300781	212.34498596191406	21.60110855102539
38.534000396728516	139.4669952392578	25.254100799560547
48.02799606323242	13.354999542236328	30.842105865478516
210.66900634765625	160.90599060058594	24.277103424072266
34.702999114990234	172.56300354003906	24.43710708618164
198.71299743652344	162.04898071289063	18.935104370117188
54.94999694824219	-2.6049997806549072	26.525104522705078
117.34799194335938	206.7519989013672	21.480106353759766
143.72900390625	169.45799255371094	14.35110855102539
206.8470001220703	169.9040069580078	16.92510223388672
10.263999938964844	75.31500244140625	24.150104522705078
167.57699584960938	126.7929916381836	9.698108673095703
122.8800048828125	96.22399139404297	11.27310562133789
24.621000289916992	195.4929962158203	24.315105438232422
144.75799560546875	122.49099731445313	12.803104400634766
136.38499450683594	98.87999725341797	8.34310531616211
229.49798583984375	54.59300231933594	26.570110321044922
115.51200103759766	16.875999450683594	16.564105987548828
140.96299743652344	85.8479995727539	11.205108642578125
220.22000122070313	1.3859999179840088	28.081104278564453
211.5269775390625	177.19598388671875	17.297107696533203
131.64300537109375	122.18299865722656	12.512104034423828
73.552001953125	56.90999984741211	17.81210708618164
7.831999778747559	107.73599243164063	27.764102935791016
5.881999969482422	201.71998596191406	25.124103546142578
90.51399993896484	125.86699676513672	10.790107727050781
83.94000244140625	95.6449966430664	8.025104522705078
189.72299194335938	101.25999450683594	15.901103973388672
217.29299926757813	178.56698608398438	19.83010482788086
81.97799682617188	58.38800048828125	15.064102172851563
153.6949920654297	13.364999771118164	15.879104614257813
176.91000366210938	100.55299377441406	8.05910873413086
223.78500366210938	112.88299560546875	23.880107879638672
101.72000122070313	111.25999450683594	10.982105255126953
179.52999877929688	172.59799194335938	10.076107025146484
105.08099365234375	212.73199462890625	22.424102783203125
156.51499938964844	173.2270050048828	13.83010482788086
128.2969970703125	226.04998779296875	17.508102416992188
121.95499420166016	51.77299880981445	11.300102233886719
129.40699768066406	199.05099487304688	18.47510528564453
15.767000198364258	101.10099792480469	20.82410430908203
122.75399780273438	47.35599899291992	8.662105560302734
38.183998107910156	180.03500366210938	21.29610824584961
36.29399871826172	109.11599731445313	17.105106353759766
169.33999633789063	218.55099487304688	15.005104064941406
56.36399841308594	39.378997802734375	20.71710205078125
87.34000396728516	142.14199829101563	16.568103790283203
114.35699462890625	73.03199768066406	13.76510238647461
97.93799591064453	133.5469970703125	15.05810546875
214.27598571777344	21.831998825073242	27.112102508544922
125.75399780273438	4.080999851226807	18.130104064941406
52.146995544433594	110.55199432373047	14.011104583740234
10.14900016784668	224.59298706054688	30.28310775756836
79.1240005493164	48.64699935913086	16.512104034423828
120.8499984741211	104.25899505615234	11.17910385131836
212.36700439453125	74.3010025024414	18.05510711669922
1.0460000038146973	151.0229949951172	28.245105743408203
18.604999542236328	57.6359977722168	26.957103729248047
181.56298828125	19.68400001525879	21.01910400390625
14.096000671386719	147.5189971923828	29.340106964111328
14.458999633789063	180.53199768066406	24.129108428955078
107.09199523925781	85.49200439453125	11.25710678100586
15.817999839782715	62.60200119018555	25.417102813720703
94.29800415039063	84.72899627685547	8.534103393554688
180.86599731445313	55.62799835205078	15.665103912353516
14.710999488830566	23.761999130249023	35.848102292724604
193.7030029296875	12.430999755859375	21.286102294921875
134.72799682617188	9.211999893188477	17.537105560302734
148.08999633789063	1.7400000095367432	15.573108673095703
215.38800048828125	228.49099731445313	29.87710952758789
147.59100341796875	25.358999252319336	13.995105743408203
203.3109893798828	34.21500015258789	27.175106048583984
163.87698364257813	223.41098022460938	13.37210464477539
191.9219970703125	145.0709991455078	14.610107421875
133.03099060058594	85.3179931640625	10.9071044921875
150.25498962402344	43.12999725341797	16.213104248046875
199.7480010986328	41.012996673583984	26.363101959228516
34.57500076293945	202.0449981689453	25.538105010986328
221.89898681640625	24.540998458862305	35.505102834411616
193.7139892578125	81.43499755859375	12.17910385131836
123.63299560546875	86.68099212646484	12.664104461669922
77.02099609375	119.02099609375	10.72110366821289
109.0469970703125	222.3300018310547	22.110107421875
49.15199661254883	130.86900329589844	16.34210205078125
8.038000106811523	125.41299438476563	28.80910873413086
213.6610107421875	83.18900299072266	19.562103271484375
65.28700256347656	8.031000137329102	26.496105194091797
216.11199951171875	194.40199279785156	20.027103424072266
217.197998046875	142.3939971923828	26.00510025024414
93.53900146484375	67.95899963378906	15.204105377197266
148.56199645996094	171.6099853515625	15.64410400390625
97.35400390625	160.8939971923828	18.243106842041016
197.58999633789063	50.183998107910156	24.785106658935547
181.093994140625	120.69699096679688	14.268104553222656
12.522000312805176	138.59698486328125	24.743106842041016
28.141000747680664	23.701000213623047	34.300101957031245
152.822998046875	120.10499572753906	9.695106506347656
16.12299919128418	207.60897827148438	24.491107940673828
56.14899444580078	213.822998046875	24.196109771728516
32.31599807739258	77.80699920654297	21.64410400390625
172.1060028076172	98.86399841308594	10.337108612060547
220.08399963378906	77.4540023803711	19.28610610961914
156.01199340820313	145.33399963378906	12.58810806274414
87.35699462890625	133.02700805664063	14.078105926513672
25.669998168945313	206.8939971923828	26.15810775756836
57.237998962402344	4.193999767303467	27.061107635498047
128.07899475097656	84.177001953125	12.276107788085938
159.656005859375	207.19200134277344	11.387107849121094
148.24899291992188	161.5229949951172	13.483104705810547
73.78299713134766	100.67900085449219	14.01510238647461
140.09799194335938	77.95600128173828	10.764102935791016
17.923999786376953	91.41099548339844	20.96410369873047
109.78599548339844	81.05599212646484	11.329105377197266
171.63299560546875	10.949000358581543	14.17110824584961
43.92399597167969	112.66099548339844	17.440105438232422
225.61599731445313	184.8149871826172	19.332103729248047
24.233999252319336	179.05899047851563	21.380107879638672
53.334999084472656	170.99899291992188	14.557106018066406
90.02200317382813	12.076000213623047	16.395103454589844
172.51699829101563	112.3740005493164	10.469104766845703
105.09100341796875	98.08799743652344	13.216106414794922
92.07398986816406	115.72099304199219	12.198108673095703
94.49299621582031	138.0	16.48410415649414
77.55899810791016	184.7010040283203	18.463104248046875
167.38600158691406	87.24299621582031	7.4831085205078125
76.79999542236328	192.83499145507813	19.604103088378906
82.21099853515625	229.70498657226563	20.67910385131836
12.472999572753906	217.08599853515625	26.03110122680664
37.119998931884766	211.48199462890625	20.470104217529297
228.5449981689453	70.63699340820313	24.024105072021484
5.706999778747559	192.54299926757813	25.591106414794922
80.66399383544922	90.95199584960938	12.019107818603516
221.47097778320313	15.870999336242676	30.49710464477539
105.91799926757813	118.34599304199219	11.89010238647461
149.5179901123047	176.3839874267578	15.880104064941406
221.88299560546875	191.19400024414063	20.680103302001953
39.89899826049805	9.72599983215332	32.758102140136714
96.78900146484375	72.08100128173828	13.90310287475586
184.15399169921875	90.21499633789063	8.839103698730469
197.30499267578125	213.70399475097656	15.027103424072266
89.80899810791016	74.03499603271484	13.281105041503906
180.072998046875	128.96099853515625	12.531105041503906
152.70700073242188	83.27899932861328	9.071102142333984
147.54998779296875	10.89699935913086	14.495105743408203
57.1359977722168	34.71500015258789	19.607105255126953
187.44097900390625	23.19999885559082	20.242107391357422
70.07499694824219	184.989990234375	17.47210693359375
27.079999923706055	165.6929931640625	24.742107391357422
78.5469970703125	75.82899475097656	13.469104766845703
7.072000026702881	174.57699584960938	25.535106658935547
131.42799377441406	127.88700103759766	11.168106079101563
-2.73799991607666	125.43099212646484	23.19210433959961
44.790000915527344	178.61199951171875	16.972103118896484
110.09700012207031	114.81800079345703	11.80810546875
76.19099426269531	136.84298706054688	15.658103942871094
51.81299591064453	49.2859992980957	19.186107635498047
74.06900024414063	73.99600219726563	15.803104400634766
134.60000610351563	206.01199340820313	16.072101593017578
126.76899719238281	178.98599243164063	20.64710235595703
13.242999076843262	129.88600158691406	26.709102630615234
168.57000732421875	50.16999816894531	13.431106567382813
8.140999794006348	70.30500030517578	23.453105926513672
47.31499481201172	62.481998443603516	19.05810546875
9.513999938964844	81.68199157714844	20.256107330322266
222.95700073242188	162.46299743652344	24.94510269165039
27.424999237060547	108.46099853515625	21.116107940673828
10.321999549865723	155.9340057373047	27.350101470947266
93.45299530029297	129.35598754882813	12.230106353759766
184.17498779296875	109.34199523925781	14.599105834960938
30.417999267578125	13.047999382019043	33.0431022644043
104.2770004272461	171.68699645996094	19.07410430908203
47.50899887084961	150.4770050048828	17.55810546875
1.7869999408721924	146.88699340820313	25.152103424072266
102.75900268554688	158.28199768066406	21.467105865478516
113.32599639892578	46.63099670410156	7.832103729248047
33.57899856567383	207.5129852294922	22.535106658935547
-0.5609999895095825	167.77999877929688	25.30710220336914
13.92300033569336	-4.003999710083008	35.247102460571284
66.14899444580078	167.47000122070313	14.253101348876953
129.4639892578125	104.7719955444336	11.107105255126953
3.493000030517578	207.9189910888672	24.743106842041016
38.32899856567383	73.08599853515625	19.353107452392578
180.28799438476563	93.27099609375	7.605106353759766
13.489999771118164	120.94000244140625	23.852108001708984
143.15499877929688	48.05900192260742	12.400104522705078
174.31597900390625	30.65799903869629	17.342105865478516
10.058000564575195	62.99299621582031	26.24710464477539
192.15798950195313	219.76300048828125	14.43210220336914
110.32499694824219	196.43499755859375	22.640106201171875
159.23899841308594	62.34600067138672	6.952106475830078
165.90499877929688	114.30799865722656	5.908103942871094
45.577999114990234	207.69699096679688	22.329105377197266
183.82998657226563	7.479999542236328	18.099105834960938
21.840999603271484	86.4260025024414	20.472103118896484
34.744998931884766	66.47799682617188	25.861103057861328
211.2329864501953	33.461997985839844	25.272106170654297
64.27799987792969	18.786998748779297	22.14810562133789
19.45800018310547	220.05599975585938	28.70810317993164
60.8329963684082	108.63700103759766	17.160106658935547
49.22899627685547	155.343994140625	19.113101959228516
132.07699584960938	24.99599838256836	12.735107421875
189.15199279785156	44.56599807739258	21.51910400390625
167.01699829101563	180.88998413085938	10.465103149414063
17.680999755859375	52.16600036621094	27.399105072021484
101.53199768066406	142.8990020751953	17.9591064453125
176.79498291015625	151.25399780273438	9.828105926513672
5.0329999923706055	155.60598754882813	26.19210433959961
172.35598754882813	54.52799987792969	11.44710922241211
18.562999725341797	82.22899627685547	20.662105560302734
10.100000381469727	31.106998443603516	35.515102109619136
215.52000427246094	169.31199645996094	17.698104858398438
95.84300231933594	195.62599182128906	22.902103424072266
102.16799926757813	191.010986328125	23.527103424072266
176.80999755859375	85.7199935913086	6.778102874755859
95.59199523925781	9.016999244689941	13.279106140136719
44.60799789428711	135.24899291992188	19.525104522705078
75.7750015258789	25.88699722290039	18.663105010986328
180.81199645996094	185.57400512695313	13.197105407714844
170.18899536132813	107.39600372314453	10.511104583740234
24.477001190185547	186.65899658203125	25.371105194091797
176.63099670410156	9.483999252319336	12.597103118896484
97.60499572753906	181.43899536132813	24.09811019897461
110.26199340820313	55.490997314453125	12.29610824584961
67.79499816894531	32.12799835205078	17.01010513305664
114.74999237060547	23.586999893188477	10.986106872558594
92.93999481201172	229.89198303222656	19.002105712890625
115.32699584960938	115.98199462890625	13.59310531616211
162.40699768066406	51.01499938964844	10.829105377197266
68.63899993896484	68.47100067138672	14.728103637695313
185.98098754882813	169.36300659179688	12.127105712890625
29.96500015258789	95.6199951171875	19.70510482788086
153.4949951171875	191.3929901123047	13.447105407714844
108.68399810791016	72.85599517822266	12.91910171508789
70.50900268554688	13.453999519348145	23.81210708618164
184.93499755859375	160.5830078125	14.515106201171875
136.08200073242188	129.01300048828125	13.905109405517578
185.3590087890625	152.86599731445313	13.674102783203125
109.6780014038086	124.23500061035156	12.240108489990234
145.30799865722656	150.29598999023438	18.2091064453125
1.7400000095367432	115.125	25.23910903930664
69.53900146484375	191.2100067138672	17.176105499267578
221.90399169921875	133.58200073242188	23.878101348876953
18.451000213623047	114.23999786376953	22.65410614013672
210.65599060058594	110.94999694824219	21.62610626220703
192.78700256347656	21.519001007080078	20.781105041503906
17.902999877929688	168.19900512695313	26.073108673095703
125.64799499511719	152.17599487304688	21.116107940673828
208.24899291992188	63.016998291015625	22.054107666015625
203.7689971923828	206.2689971923828	14.671104431152344
174.7209930419922	76.17499542236328	9.965106964111328
141.18699645996094	29.604999542236328	13.246105194091797
63.18000030517578	207.4459991455078	21.383106231689453
81.86000061035156	134.92498779296875	13.741104125976563
61.349998474121094	27.980998992919922	19.697105407714844
47.73200225830078	52.41899871826172	20.624103546142578
76.8479995727539	98.31299591064453	10.628105163574219
52.051002502441406	161.73699951171875	16.18310546875
7.522000312805176	34.86800003051758	32.41410446166992
54.73999786376953	115.37699890136719	13.662105560302734
140.45999145507813	164.8509979248047	16.952106475830078
