X	Y	Z
224.83999633789063	42.60000228881836	17.333110809326172
10.010000228881836	178.26998901367188	17.593109130859375
162.8800048828125	53.56999969482422	18.103107452392578
123.59000396728516	119.0999984741211	17.173107147216797
185.6199951171875	102.38999938964844	18.073108673095703
93.91999816894531	181.6699981689453	16.753108978271484
49.720001220703125	207.22999572753906	16.94310760498047
117.70000457763672	156.04998779296875	16.33310317993164
67.41999816894531	5.950000286102295	17.973106384277344
2.179999828338623	239.0500030517578	16.753108978271484
118.58000183105469	169.260009765625	15.943103790283203
76.8499984741211	65.36000061035156	16.793106079101563
11.940000534057617	25.59000015258789	17.343109130859375
152.9199981689453	132.1999969482422	16.52310562133789
85.8499984741211	188.79998779296875	14.603107452392578
170.5800018310547	77.25	16.903106689453125
35.16999816894531	56.37000274658203	16.743106842041016
118.10000610351563	95.3800048828125	17.713104248046875
111.11000061035156	0.5799999833106995	15.53310775756836
221.94000244140625	48.30999755859375	18.71310806274414
201.5399932861328	80.58999633789063	16.11310577392578
141.83999633789063	129.11000061035156	16.33310317993164
204.5	64.63999938964844	15.443107604980469
27.59000015258789	238.3000030517578	17.40311050415039
235.04998779296875	41.86000061035156	18.223106384277344
44.0	226.13999938964844	14.68310546875
84.51000213623047	48.909996032714844	17.563106536865234
178.44000244140625	76.83999633789063	18.043106079101563
152.91000366210938	138.38999938964844	15.403106689453125
9.470000267028809	75.25	16.30310821533203
229.0399932861328	67.45999908447266	18.243106842041016
210.52000427246094	7.909999847412109	15.383106231689453
121.77000427246094	50.400001525878906	17.343109130859375
45.41999816894531	46.160003662109375	17.263111114501953
113.97000122070313	147.36000061035156	18.633106231689453
97.83000183105469	8.389999389648438	17.823108673095703
168.8400115966797	154.77000427246094	17.813106536865234
142.70999145507813	72.62000274658203	16.86310577392578
210.37001037597656	168.4499969482422	16.22311019897461
58.54999923706055	15.269999504089355	17.913105010986328
72.97999572753906	78.47000122070313	14.793106079101563
54.650001525878906	17.940000534057617	15.643108367919922
62.01000213623047	31.65999984741211	15.733104705810547
10.440000534057617	228.02000427246094	18.65311050415039
162.88999938964844	181.20001220703125	17.293106079101563
164.02999877929688	234.64999389648438	16.123104095458984
69.5999984741211	228.49000549316406	17.053104400634766
172.8800048828125	44.94999694824219	17.043106079101563
54.34000015258789	107.53999328613281	17.103107452392578
17.299999237060547	218.010009765625	15.653106689453125
105.88999938964844	101.27999877929688	17.263111114501953
103.08999633789063	0.5999999642372131	17.853103637695313
227.989990234375	186.3400115966797	17.263111114501953
30.780000686645508	2.299999952316284	16.503108978271484
176.20001220703125	15.100000381469727	18.493106842041016
118.31000518798828	34.540000915527344	17.753108978271484
198.22999572753906	24.84000015258789	16.40310287475586
117.3499984741211	192.16000366210938	19.27310562133789
41.11000061035156	201.19000244140625	15.313106536865234
210.0	162.87001037597656	13.913108825683594
238.16000366210938	77.80999755859375	17.55310821533203
226.95999145507813	131.75	16.86310577392578
108.64999389648438	148.95999145507813	16.583106994628906
124.94000244140625	38.040000915527344	14.823104858398438
69.08999633789063	206.0800018310547	16.18310546875
123.52000427246094	179.19000244140625	17.723102569580078
132.4600067138672	72.2300033569336	18.46310806274414
11.289999008178711	83.31000518798828	17.893108367919922
62.5099983215332	161.27999877929688	15.943103790283203
171.52000427246094	168.22999572753906	17.84310531616211
125.60000610351563	30.399999618530273	17.52310562133789
49.59000015258789	196.04000854492188	17.993106842041016
18.279998779296875	63.61000061035156	17.47311019897461
149.4499969482422	220.54000854492188	15.34310531616211
103.9000015258789	14.520000457763672	16.11310577392578
184.5500030517578	20.420000076293945	17.293106079101563
226.42999267578125	226.0	15.543106079101563
41.14999771118164	84.61000061035156	14.423107147216797
187.57998657226563	61.81999969482422	17.673107147216797
185.16000366210938	199.27999877929688	17.243106842041016
32.599998474121094	8.520000457763672	17.603107452392578
105.63999938964844	224.89999389648438	16.683109283447266
78.7699966430664	98.43000793457031	17.083106994628906
88.66000366210938	185.89999389648438	18.063106536865234
72.55000305175781	181.13999938964844	17.733108520507813
85.68000030517578	177.85000610351563	16.80310821533203
146.8800048828125	169.5	16.87310791015625
187.42999267578125	44.910003662109375	16.293109893798828
45.19000244140625	235.14999389648438	16.483108520507813
53.909996032714844	163.67001342773438	17.94310760498047
221.25999450683594	63.47999954223633	16.393104553222656
2.700000047683716	80.94000244140625	18.333106994628906
172.47999572753906	213.09999084472656	18.673107147216797
228.70001220703125	23.69999885559082	17.203109741210938
168.04000854492188	24.470001220703125	17.893108367919922
5.960000038146973	94.05999755859375	17.453105926513672
164.5800018310547	155.5	14.883106231689453
172.85000610351563	109.16999816894531	16.163108825683594
13.880000114440918	34.80999755859375	16.753108978271484
59.29999923706055	129.30999755859375	16.913105010986328
28.90999984741211	128.38999938964844	17.063106536865234
177.3699951171875	181.6999969482422	18.103107452392578
200.24000549316406	156.75	16.173107147216797
177.4099884033203	22.309999465942383	15.303108215332031
39.61000061035156	176.88998413085938	17.263111114501953
2.6499998569488525	223.30999755859375	17.853103637695313
44.81999969482422	55.37000274658203	16.52310562133789
119.86000061035156	55.400001525878906	16.503108978271484
107.02999877929688	122.72000122070313	17.823108673095703
8.09000015258789	99.72000122070313	17.103107452392578
150.22999572753906	6.570000171661377	17.633106231689453
117.61000061035156	150.66000366210938	16.793106079101563
228.8699951171875	117.04000854492188	17.96310806274414
238.5600128173828	118.19000244140625	18.77310562133789
125.81999969482422	80.03999328613281	17.813106536865234
58.5099983215332	6.480000019073486	16.923107147216797
13.15999984741211	10.65999984741211	17.43310546875
214.0699920654297	186.22999572753906	16.653106689453125
156.08999633789063	60.2400016784668	16.723106384277344
125.62000274658203	199.99000549316406	16.313106536865234
192.24000549316406	70.6300048828125	17.373104095458984
63.80000305175781	179.75999450683594	17.423107147216797
117.9000015258789	233.13998413085938	16.953105926513672
142.0500030517578	180.83999633789063	18.703105926513672
234.6999969482422	216.9199981689453	16.93310546875
48.040000915527344	172.25999450683594	17.69310760498047
7.940000534057617	86.33999633789063	15.313106536865234
22.6200008392334	48.5	15.693107604980469
57.60000228881836	55.98999786376953	18.28310775756836
157.44000244140625	125.15999603271484	18.413105010986328
5.650000095367432	180.9499969482422	16.193103790283203
86.2300033569336	132.52000427246094	17.193103790283203
139.1999969482422	41.380001068115234	15.96310806274414
187.16998291015625	166.58001708984375	16.473102569580078
237.83001708984375	140.0500030517578	15.883110046386719
152.52000427246094	50.56999969482422	17.793109893798828
186.0800018310547	152.4199981689453	17.293106079101563
195.30999755859375	175.05999755859375	17.02310562133789
156.5699920654297	71.69999694824219	17.69310760498047
34.61000061035156	188.3000030517578	15.283103942871094
118.52999877929688	124.91000366210938	17.293106079101563
25.780000686645508	191.69000244140625	16.413108825683594
61.79999923706055	142.55999755859375	18.02310562133789
127.66999816894531	58.439998626708984	17.893108367919922
235.77999877929688	200.07998657226563	18.043106079101563
2.7200002670288086	230.9300079345703	16.22311019897461
199.62998962402344	205.3800048828125	15.553108215332031
71.75	102.76000213623047	15.093109130859375
100.10000610351563	178.51998901367188	16.00310516357422
11.100000381469727	170.23001098632813	18.103107452392578
111.94999694824219	131.42999267578125	17.753108978271484
71.37999725341797	190.99000549316406	17.913105010986328
166.86001586914063	108.80999755859375	17.223106384277344
5.759999752044678	6.389999866485596	16.37310791015625
148.47000122070313	62.75	15.793106079101563
115.13999938964844	178.99000549316406	17.793109893798828
187.4099884033203	210.91998291015625	15.46310806274414
48.7400016784668	225.11000061035156	16.233108520507813
214.92999267578125	134.3699951171875	18.443103790283203
64.55000305175781	62.90999984741211	18.143108367919922
39.970001220703125	53.30999755859375	17.743106842041016
153.85000610351563	114.79000091552734	15.823108673095703
132.11000061035156	135.89999389648438	18.333106994628906
234.0	236.27000427246094	16.433109283447266
92.67999267578125	172.54998779296875	15.763107299804688
2.5399999618530273	35.90999984741211	18.373104095458984
190.0900115966797	191.95999145507813	18.203105926513672
38.86000061035156	129.4199981689453	15.62310791015625
130.47000122070313	177.85000610351563	17.373104095458984
216.69000244140625	181.67999267578125	18.78310775756836
117.37999725341797	83.72000122070313	17.263111114501953
57.09000015258789	68.27000427246094	17.55310821533203
65.47999572753906	225.22000122070313	17.783103942871094
235.1300048828125	228.5	16.893108367919922
81.19000244140625	130.97999572753906	16.243106842041016
21.170001983642578	85.05999755859375	17.55310821533203
80.03999328613281	106.86000061035156	17.143108367919922
158.87998962402344	1.909999966621399	17.69310760498047
17.5	177.6199951171875	16.423107147216797
109.04000091552734	13.579999923706055	16.233108520507813
98.04000091552734	107.37999725341797	17.02310562133789
110.29999542236328	223.0500030517578	15.46310806274414
75.6300048828125	14.329999923706055	16.21310806274414
175.00999450683594	99.33999633789063	17.513103485107422
84.70000457763672	230.4499969482422	15.883110046386719
107.1199951171875	32.65999984741211	17.413108825683594
224.19000244140625	177.16998291015625	15.323108673095703
1.1999999284744263	198.75	17.593109130859375
184.9600067138672	186.63999938964844	17.603107452392578
167.67999267578125	15.470000267028809	14.43310546875
211.1599884033203	107.34000396728516	15.183109283447266
178.82998657226563	224.8699951171875	16.583106994628906
200.5800018310547	121.94000244140625	17.303104400634766
172.3100128173828	201.35000610351563	16.813106536865234
160.27000427246094	172.91000366210938	17.933109283447266
169.72000122070313	100.03999328613281	16.493106842041016
213.67999267578125	172.52999877929688	16.653106689453125
173.58999633789063	25.209999084472656	18.21310806274414
58.96999740600586	193.89999389648438	17.743106842041016
56.810001373291016	230.8000030517578	17.46310806274414
114.02999877929688	110.20000457763672	16.71310806274414
36.47999954223633	0.6800000667572021	15.973106384277344
70.13999938964844	158.80999755859375	16.80310821533203
55.089996337890625	91.12999725341797	16.513107299804688
129.79998779296875	214.89999389648438	16.353107452392578
66.5199966430664	15.529999732971191	17.563106536865234
7.400000095367432	157.510009765625	17.52310562133789
53.209999084472656	190.17999267578125	17.563106536865234
34.04999923706055	172.25	15.52310562133789
176.9499969482422	59.599998474121094	18.373104095458984
60.68000030517578	112.56999969482422	18.353107452392578
71.51000213623047	23.369998931884766	16.923107147216797
117.60000610351563	221.58999633789063	18.333106994628906
71.65999603271484	195.94000244140625	15.653106689453125
76.37000274658203	119.02000427246094	16.133106231689453
69.66999816894531	147.1800079345703	16.00310516357422
69.7300033569336	217.26998901367188	15.613105773925781
10.720000267028809	219.1300048828125	17.733108520507813
129.72000122070313	68.1500015258789	17.063106536865234
179.54000854492188	55.720001220703125	16.30310821533203
152.0699920654297	68.94000244140625	16.573108673095703
15.010000228881836	68.55000305175781	16.433109283447266
84.83000183105469	71.23999786376953	17.713104248046875
227.9499969482422	124.96000671386719	17.483108520507813
198.260009765625	239.34999084472656	17.53310775756836
105.74000549316406	25.299999237060547	16.33310317993164
153.92999267578125	55.560001373291016	17.03310775756836
44.92000198364258	17.270000457763672	16.923107147216797
157.08999633789063	102.9000015258789	17.083106994628906
209.19000244140625	176.42999267578125	15.563106536865234
189.13999938964844	84.09000396728516	18.53310775756836
141.91000366210938	236.10000610351563	16.973106384277344
90.26000213623047	73.87000274658203	16.173107147216797
219.20999145507813	177.7899932861328	16.633106231689453
132.38999938964844	111.87000274658203	17.953105926513672
198.88999938964844	218.16000366210938	14.893104553222656
34.189998626708984	196.30999755859375	16.52310562133789
102.1300048828125	65.2699966430664	15.71310806274414
66.77999877929688	188.6300048828125	17.913105010986328
123.5	104.9800033569336	17.933109283447266
205.55999755859375	74.98999786376953	17.083106994628906
6.190000057220459	48.709999084472656	17.923107147216797
219.44000244140625	130.48001098632813	16.063106536865234
70.86000061035156	57.040000915527344	18.19310760498047
165.00999450683594	59.77000427246094	17.863109588623047
7.0	148.1999969482422	16.30310821533203
20.05000114440918	113.58000183105469	17.783103942871094
56.02000427246094	148.6699981689453	16.263103485107422
160.489990234375	62.8599967956543	17.903106689453125
11.649999618530273	190.91998291015625	17.763107299804688
68.52000427246094	173.47000122070313	18.313106536865234
81.31999969482422	39.400001525878906	16.233108520507813
69.86000061035156	200.97999572753906	16.543109893798828
32.15999984741211	103.45000457763672	16.87310791015625
77.04000091552734	42.4900016784668	15.953109741210938
54.439998626708984	72.76000213623047	17.80310821533203
180.23001098632813	93.80000305175781	16.59310531616211
98.68000030517578	118.05999755859375	17.413108825683594
235.42999267578125	6.430000305175781	17.233104705810547
14.829999923706055	3.2699999809265137	18.483104705810547
31.889999389648438	61.98999786376953	16.243106842041016
215.6699981689453	236.62001037597656	18.493106842041016
120.66000366210938	68.30000305175781	18.243106842041016
231.14999389648438	52.19999694824219	17.853103637695313
199.17999267578125	200.00999450683594	18.173107147216797
10.299999237060547	125.36000061035156	17.203109741210938
20.81999969482422	99.5199966430664	17.013107299804688
23.610000610351563	19.229999542236328	14.293106079101563
6.159999847412109	108.91999816894531	17.263111114501953
55.970001220703125	168.9399871826172	18.043106079101563
106.59000396728516	106.55999755859375	18.253108978271484
229.12001037597656	234.8100128173828	17.163105010986328
151.61000061035156	107.79999542236328	16.84310531616211
113.97000122070313	225.17999267578125	18.253108978271484
23.169998168945313	104.33999633789063	16.55310821533203
159.82000732421875	220.8699951171875	16.743106842041016
122.33000183105469	171.95999145507813	18.923107147216797
220.91998291015625	190.14999389648438	17.903106689453125
108.88999938964844	51.17000198364258	16.233108520507813
101.0	172.24000549316406	15.833106994628906
238.3000030517578	19.3700008392334	17.903106689453125
226.6300048828125	217.1999969482422	14.953105926513672
106.9699935913086	59.71000289916992	18.703105926513672
115.03999328613281	205.0900115966797	17.343109130859375
169.239990234375	34.0	18.323108673095703
232.1199951171875	99.0	18.953105926513672
109.02999877929688	187.1199951171875	17.393104553222656
67.48999786376953	140.22000122070313	17.293106079101563
98.33999633789063	3.179999828338623	17.633106231689453
139.510009765625	133.4300079345703	14.53310775756836
239.6199951171875	144.27999877929688	18.443103790283203
112.58999633789063	9.649999618530273	16.243106842041016
68.97000122070313	125.93000793457031	17.103107452392578
10.809999465942383	210.07000732421875	16.18310546875
84.16000366210938	112.86000061035156	15.353103637695313
96.02999877929688	233.02999877929688	17.043106079101563
181.41000366210938	45.630001068115234	17.683109283447266
74.06999969482422	33.310001373291016	17.103107452392578
144.92999267578125	118.73999786376953	16.953105926513672
75.48999786376953	217.1800079345703	16.703105926513672
79.59000396728516	184.6999969482422	17.273109436035156
45.939998626708984	216.6699981689453	15.053108215332031
194.8100128173828	20.979999542236328	17.973106384277344
108.04000091552734	193.1999969482422	17.483108520507813
201.36000061035156	131.0800018310547	15.573108673095703
231.8199920654297	57.56999969482422	17.223106384277344
109.69000244140625	74.51000213623047	16.923107147216797
180.33999633789063	132.67999267578125	17.243106842041016
46.31999969482422	106.47000122070313	17.09310531616211
173.98001098632813	89.41000366210938	18.293106079101563
145.94000244140625	176.8300018310547	15.603107452392578
158.87998962402344	9.020000457763672	18.243106842041016
50.84000015258789	149.66000366210938	17.723102569580078
223.010009765625	123.16000366210938	16.173107147216797
69.1300048828125	99.43000030517578	18.27310562133789
193.41000366210938	195.0900115966797	15.793106079101563
61.310001373291016	211.989990234375	16.883106231689453
53.349998474121094	140.58999633789063	15.93310546875
20.290000915527344	7.5	16.993106842041016
67.36000061035156	25.68000030517578	19.233104705810547
162.1199951171875	106.14999389648438	17.513103485107422
61.709999084472656	184.55999755859375	16.80310821533203
215.65000915527344	9.449999809265137	16.77310562133789
61.959999084472656	198.239990234375	16.243106842041016
115.3800048828125	38.689998626708984	16.59310531616211
73.52000427246094	87.97000122070313	14.443107604980469
2.6600000858306885	166.22999572753906	18.403106689453125
171.08999633789063	68.04000091552734	17.413108825683594
72.36000061035156	152.1699981689453	15.893108367919922
64.33999633789063	165.80999755859375	17.87310791015625
84.58000183105469	58.96999740600586	16.52310562133789
74.9800033569336	6.430000305175781	17.303104400634766
176.30999755859375	105.45999145507813	17.973106384277344
12.90999984741211	116.18000030517578	16.163108825683594
131.6199951171875	4.019999980926514	18.563106536865234
105.98999786376953	153.6300048828125	16.84310531616211
218.89999389648438	116.91000366210938	14.53310775756836
115.10000610351563	160.07000732421875	19.02310562133789
178.97000122070313	83.31999969482422	16.703105926513672
53.94000244140625	29.149999618530273	16.393104553222656
225.75	54.540000915527344	16.953105926513672
119.02000427246094	73.26000213623047	18.313106536865234
128.00999450683594	9.010000228881836	18.603107452392578
15.360000610351563	46.17000198364258	18.313106536865234
138.3199920654297	76.41999816894531	18.02310562133789
177.52000427246094	33.88999938964844	17.09310531616211
54.0	64.0	17.03310775756836
168.20999145507813	224.8800048828125	15.863105773925781
192.63999938964844	10.930000305175781	17.393104553222656
142.6699981689453	46.03000259399414	17.373104095458984
192.42001342773438	63.67000198364258	18.593109130859375
67.1199951171875	45.20000076293945	19.233104705810547
20.729999542236328	163.8400115966797	17.52310562133789
48.63999938964844	63.590003967285156	16.30310821533203
130.5	170.6800079345703	15.84310531616211
114.58999633789063	24.189998626708984	15.833106994628906
215.6300048828125	54.77000427246094	17.413108825683594
110.4800033569336	21.389999389648438	17.603107452392578
112.5	122.32000732421875	17.703105926513672
9.75	200.6199951171875	18.80310821533203
196.17999267578125	145.60000610351563	16.263103485107422
204.25	114.1500015258789	17.13311004638672
128.83999633789063	123.31000518798828	17.703105926513672
121.86000061035156	1.75	17.003108978271484
201.9499969482422	186.45999145507813	15.223102569580078
67.34000396728516	31.07000160217285	16.11310577392578
119.96000671386719	133.1999969482422	17.813106536865234
118.72000122070313	15.959999084472656	16.28310775756836
210.97000122070313	57.340003967285156	17.003108978271484
234.239990234375	31.389999389648438	15.743106842041016
62.94000244140625	80.57999420166016	17.25310516357422
130.8000030517578	235.27999877929688	16.52310562133789
186.27999877929688	178.260009765625	15.883110046386719
14.520000457763672	59.89999771118164	18.743106842041016
1.8199999332427979	192.44000244140625	16.973106384277344
154.25	174.9099884033203	17.063106536865234
103.29000854492188	114.44999694824219	18.223106384277344
230.87998962402344	28.399999618530273	18.663108825683594
0.6599999666213989	154.25	16.763107299804688
61.209999084472656	96.80999755859375	15.62310791015625
190.6199951171875	234.40000915527344	18.05310821533203
144.61000061035156	133.67999267578125	16.15311050415039
4.909999847412109	202.75	17.43310546875
112.80999755859375	47.480003356933594	16.343109130859375
230.79000854492188	160.9499969482422	18.163105010986328
137.86000061035156	203.16000366210938	16.193103790283203
38.220001220703125	68.5999984741211	15.84310531616211
54.209999084472656	238.3300018310547	16.893108367919922
109.73999786376953	203.26998901367188	15.263107299804688
150.19000244140625	179.20999145507813	17.393104553222656
176.20001220703125	70.19000244140625	18.403106689453125
213.89999389648438	124.04000091552734	17.513103485107422
40.59000015258789	141.5500030517578	15.263107299804688
33.39999771118164	232.8000030517578	16.93310546875
191.77000427246094	24.48999786376953	15.903106689453125
54.150001525878906	134.74000549316406	16.703105926513672
133.6300048828125	28.5	16.03310775756836
40.349998474121094	27.349998474121094	15.473106384277344
14.220000267028809	181.52999877929688	17.393104553222656
88.24000549316406	0.75	15.573108673095703
55.400001525878906	24.219999313354492	16.993106842041016
172.24000549316406	121.97999572753906	17.25310516357422
186.5699920654297	231.2100067138672	17.343109130859375
236.95999145507813	209.69000244140625	17.47311019897461
126.33000183105469	152.39999389648438	16.573108673095703
10.510000228881836	0.4699999690055847	17.893108367919922
48.94000244140625	78.90999603271484	18.03310775756836
40.81999969482422	118.97999572753906	16.15311050415039
62.589996337890625	18.78999900817871	17.723102569580078
182.45001220703125	142.57000732421875	18.293106079101563
139.89999389648438	231.17001342773438	16.03310775756836
173.4600067138672	84.8499984741211	15.603107452392578
19.529998779296875	14.75999927520752	15.453105926513672
112.0199966430664	86.81999969482422	17.173107147216797
181.22999572753906	237.25999450683594	17.69310760498047
177.1199951171875	203.49000549316406	17.453105926513672
53.54999923706055	35.73999786376953	18.27310562133789
150.3300018310547	11.859999656677246	17.03310775756836
196.4399871826172	8.239999771118164	14.943103790283203
109.1300048828125	214.02999877929688	16.96310806274414
173.69000244140625	138.4199981689453	16.573108673095703
63.57999801635742	132.6199951171875	18.173107147216797
45.28999710083008	3.81000018119812	17.303104400634766
236.8199920654297	108.7300033569336	18.50310516357422
83.16000366210938	220.80999755859375	15.08310317993164
225.40000915527344	10.760000228881836	18.063106536865234
143.54000854492188	101.00999450683594	16.03310775756836
177.42999267578125	142.13999938964844	17.933109283447266
69.41000366210938	63.09000015258789	15.953109741210938
123.57000732421875	209.79000854492188	16.383106231689453
79.95999908447266	191.5	17.983104705810547
105.68000030517578	230.739990234375	17.953105926513672
18.350000381469727	235.510009765625	16.833106994628906
220.24000549316406	83.20999908447266	17.46310806274414
5.669999599456787	71.38999938964844	17.11310577392578
64.41999816894531	88.77999877929688	17.333110809326172
225.16000366210938	16.649999618530273	18.063106536865234
231.17999267578125	225.37001037597656	17.52310562133789
108.97000122070313	43.89999771118164	16.323104858398438
36.709999084472656	75.20999908447266	18.573104858398438
189.44000244140625	132.27000427246094	16.653106689453125
57.77000045776367	138.66000366210938	17.643104553222656
114.29000091552734	105.16999816894531	17.633106231689453
68.7699966430664	71.31999969482422	15.743106842041016
199.5500030517578	190.1199951171875	18.173107147216797
196.5	77.43000030517578	16.263103485107422
229.85000610351563	81.75	17.733108520507813
29.270000457763672	115.22999572753906	18.603107452392578
103.81999969482422	163.4499969482422	17.573104858398438
2.869999885559082	120.24000549316406	16.953105926513672
101.95999908447266	126.05999755859375	15.493106842041016
38.650001525878906	63.52000427246094	17.273109436035156
107.04000854492188	132.72000122070313	17.11310577392578
65.02999877929688	122.55999755859375	16.353107452392578
130.95999145507813	196.70999145507813	15.68310546875
45.31999969482422	187.45001220703125	16.94310760498047
235.33999633789063	133.5	17.723102569580078
178.5800018310547	164.27000427246094	15.193107604980469
138.41000366210938	189.15000915527344	18.453109741210938
109.45999908447266	198.010009765625	15.443107604980469
49.02000045776367	181.42999267578125	17.123104095458984
184.8100128173828	29.400001525878906	17.13311004638672
51.0099983215332	45.20000076293945	18.083106994628906
68.52000427246094	238.54998779296875	18.34310531616211
63.33000183105469	152.83999633789063	17.103107452392578
89.94000244140625	121.9699935913086	16.903106689453125
137.13999938964844	36.77000045776367	15.013103485107422
41.12999725341797	213.95999145507813	15.743106842041016
112.3499984741211	170.02999877929688	18.38311004638672
134.66000366210938	175.20001220703125	16.323104858398438
179.52999877929688	217.11000061035156	15.803104400634766
53.60000228881836	116.37999725341797	15.203105926513672
239.25	102.02999877929688	18.353107452392578
202.54998779296875	232.26998901367188	16.11310577392578
99.70000457763672	73.86000061035156	18.453109741210938
131.69000244140625	87.08000183105469	16.763107299804688
49.150001525878906	18.3700008392334	14.253108978271484
170.8900146484375	1.6799999475479126	15.84310531616211
139.30999755859375	225.55999755859375	16.103107452392578
138.5800018310547	99.70000457763672	15.573108673095703
107.06999969482422	158.80999755859375	17.18310546875
22.65999984741211	136.69000244140625	14.733104705810547
196.58001708984375	44.72999954223633	15.93310546875
162.97000122070313	117.88999938964844	18.013107299804688
102.97000122070313	70.56999969482422	16.123104095458984
225.37001037597656	2.179999828338623	17.46310806274414
11.640000343322754	132.91000366210938	17.633106231689453
121.80000305175781	142.61000061035156	15.62310791015625
115.74000549316406	185.20999145507813	18.38311004638672
83.07999420166016	170.58999633789063	17.053104400634766
90.4000015258789	176.30999755859375	18.90310287475586
127.5199966430664	231.38999938964844	18.423107147216797
131.38999938964844	22.939998626708984	16.423107147216797
221.5500030517578	113.62999725341797	18.043106079101563
93.57000732421875	61.63999938964844	15.263107299804688
91.02000427246094	54.9900016784668	14.643108367919922
231.00999450683594	182.45001220703125	16.913105010986328
219.4499969482422	225.510009765625	16.263103485107422
96.41999816894531	57.38999938964844	17.11310577392578
53.56999969482422	12.760000228881836	17.613109588623047
195.04998779296875	113.7699966430664	16.613109588623047
62.4900016784668	54.720001220703125	16.643108367919922
54.439998626708984	101.4000015258789	15.613105773925781
236.47000122070313	49.55999755859375	17.953105926513672
76.8499984741211	173.27999877929688	16.94310760498047
129.8300018310547	191.6699981689453	17.063106536865234
218.1699981689453	194.4499969482422	16.663105010986328
57.64999771118164	77.01000213623047	16.96310806274414
117.8499984741211	10.279999732971191	16.583106994628906
137.70999145507813	183.8800048828125	17.863109588623047
73.44999694824219	208.91000366210938	15.603107452392578
3.6599998474121094	127.41000366210938	16.84310531616211
200.20001220703125	65.30000305175781	18.793109893798828
2.200000047683716	211.22000122070313	18.933109283447266
133.4499969482422	117.20999908447266	18.163105010986328
208.88999938964844	239.0399932861328	16.973106384277344
167.49000549316406	135.61000061035156	17.683109283447266
74.11000061035156	47.88999938964844	16.62310791015625
58.099998474121094	155.57000732421875	15.803104400634766
141.0	110.69000244140625	17.13311004638672
146.5500030517578	57.8599967956543	16.853107452392578
105.31999206542969	205.79000854492188	17.36310577392578
91.5	68.94999694824219	17.43310546875
192.57000732421875	225.00999450683594	17.103107452392578
185.3000030517578	97.1199951171875	17.723102569580078
222.1800079345703	165.0	17.02310562133789
227.05999755859375	137.95999145507813	16.473102569580078
159.3000030517578	199.16000366210938	15.823108673095703
100.7199935913086	52.70000076293945	16.703105926513672
189.9099884033203	100.08000183105469	16.233108520507813
20.280000686645508	132.10000610351563	15.833106994628906
233.92999267578125	16.21000099182129	17.883106231689453
39.66999816894531	99.33999633789063	15.883110046386719
94.80999755859375	239.36001586914063	15.973106384277344
230.13999938964844	89.96000671386719	18.43310546875
169.8100128173828	40.8900032043457	17.383106231689453
19.260000228881836	140.97999572753906	16.683109283447266
126.30000305175781	99.37000274658203	17.36310577392578
210.44000244140625	131.3300018310547	17.683109283447266
102.46000671386719	186.02999877929688	17.80310821533203
5.739999771118164	14.550000190734863	16.603103637695313
64.36000061035156	101.2300033569336	16.473102569580078
118.87000274658203	201.3699951171875	17.733108520507813
235.70999145507813	156.32000732421875	19.09310531616211
61.25	170.2899932861328	17.923107147216797
8.569999694824219	66.23999786376953	16.763107299804688
152.13999938964844	231.65000915527344	17.03310775756836
159.5	20.580001831054688	15.063106536865234
74.8499984741211	134.14999389648438	17.813106536865234
176.88998413085938	156.11000061035156	15.513107299804688
167.49000549316406	202.74000549316406	15.543106079101563
206.760009765625	5.360000133514404	17.953105926513672
18.479999542236328	184.57000732421875	16.543109893798828
133.86000061035156	239.29000854492188	18.293106079101563
161.3699951171875	167.83999633789063	18.393108367919922
84.6500015258789	4.740000247955322	15.793106079101563
125.9000015258789	218.13998413085938	17.083106994628906
232.01998901367188	204.1099853515625	18.05310821533203
195.65000915527344	185.24000549316406	17.343109130859375
182.6699981689453	208.5800018310547	17.383106231689453
28.80000114440918	170.13999938964844	16.203105926513672
26.81999969482422	60.90999984741211	17.11310577392578
52.93000030517578	158.59999084472656	15.483104705810547
156.9499969482422	234.47000122070313	16.25310516357422
194.22000122070313	108.40999603271484	15.983104705810547
180.75	14.049999237060547	15.913105010986328
147.14999389648438	199.94000244140625	15.743106842041016
63.349998474121094	117.81999206542969	17.813106536865234
84.6500015258789	118.02000427246094	16.913105010986328
8.829999923706055	119.1500015258789	17.673107147216797
24.770000457763672	173.41000366210938	17.513103485107422
28.43000030517578	180.45999145507813	16.763107299804688
176.55999755859375	239.62998962402344	18.163105010986328
94.39999389648438	167.32000732421875	18.65311050415039
6.980000019073486	24.040000915527344	16.363109588623047
76.69000244140625	70.77000427246094	17.353107452392578
38.689998626708984	164.5500030517578	15.673107147216797
162.16000366210938	123.08999633789063	18.143108367919922
184.3199920654297	158.05999755859375	17.893108367919922
207.22000122070313	181.22999572753906	17.13311004638672
61.6099967956543	232.42999267578125	15.77310562133789
183.37998962402344	163.15000915527344	18.05310821533203
18.979999542236328	158.8000030517578	15.943103790283203
202.14999389648438	60.540000915527344	18.05310821533203
116.75	114.45999908447266	17.563106536865234
231.07000732421875	9.829999923706055	17.87310791015625
129.1800079345703	186.19000244140625	17.073108673095703
81.73999786376953	13.329999923706055	16.013111114501953
45.56999969482422	70.56999969482422	17.77310562133789
42.27000427246094	8.25	16.87310791015625
0.1600000113248825	25.280000686645508	17.723102569580078
225.0	108.10000610351563	18.21310806274414
124.9800033569336	132.39999389648438	16.853107452392578
235.97999572753906	72.4800033569336	17.763107299804688
28.529998779296875	135.25	17.013107299804688
106.91000366210938	141.6300048828125	16.663105010986328
175.6800079345703	191.989990234375	18.813106536865234
96.66000366210938	193.67999267578125	16.453105926513672
70.66000366210938	17.989999771118164	15.553108215332031
60.48999786376953	222.49000549316406	16.683109283447266
83.50999450683594	18.810001373291016	16.043106079101563
45.310001373291016	138.19000244140625	16.983104705810547
12.649999618530273	146.40000915527344	17.263111114501953
116.22000122070313	100.36000061035156	18.103107452392578
36.45000076293945	181.29998779296875	16.313106536865234
186.5399932861328	116.68000030517578	17.28310775756836
33.709999084472656	109.91999816894531	15.353103637695313
220.3000030517578	71.43000030517578	17.763107299804688
229.95001220703125	176.58999633789063	17.69310760498047
6.210000038146973	39.90999984741211	17.563106536865234
170.10000610351563	92.29000091552734	16.463104248046875
231.65000915527344	102.81999206542969	15.383106231689453
44.47999954223633	196.52999877929688	16.163108825683594
152.94000244140625	122.08000183105469	17.62310791015625
186.49000549316406	88.59000396728516	15.793106079101563
198.97000122070313	98.59000396728516	15.513107299804688
120.41999816894531	44.51000213623047	17.343109130859375
115.79000854492188	78.20999908447266	16.37310791015625
232.09999084472656	139.70999145507813	15.03310775756836
239.92001342773438	88.4000015258789	18.18310546875
181.9300079345703	107.9800033569336	17.11310577392578
211.27999877929688	66.40999603271484	16.463104248046875
189.6800079345703	40.279998779296875	15.59310531616211
206.49000549316406	54.92000198364258	18.77310562133789
134.11000061035156	212.25999450683594	15.193107604980469
134.3800048828125	55.14999771118164	14.613105773925781
122.86000061035156	87.8800048828125	17.123104095458984
233.37998962402344	186.8699951171875	14.93310546875
212.83001708984375	114.47999572753906	16.21310806274414
43.9900016784668	36.09000015258789	16.503108978271484
171.17001342773438	6.919999599456787	17.053104400634766
127.84000396728516	162.38999938964844	17.393104553222656
110.43000030517578	56.13999938964844	16.543109893798828
230.20001220703125	166.01998901367188	17.013107299804688
115.13999938964844	65.02999877929688	17.953105926513672
87.5199966430664	126.83999633789063	17.28310775756836
1.190000057220459	54.40999984741211	17.263111114501953
30.760000228881836	52.44999694824219	16.853107452392578
0.14000000059604645	182.55999755859375	16.433109283447266
133.00999450683594	60.040000915527344	17.25310516357422
200.6699981689453	227.4099884033203	16.203105926513672
169.3199920654297	178.02000427246094	18.393108367919922
84.96000671386719	63.959999084472656	16.753108978271484
132.25999450683594	203.8800048828125	16.093109130859375
81.68999481201172	200.20001220703125	18.423107147216797
118.19000244140625	210.87998962402344	16.053104400634766
171.45999145507813	13.319999694824219	17.203109741210938
128.02000427246094	108.38999938964844	17.223106384277344
171.83999633789063	62.4900016784668	17.52310562133789
83.58000183105469	238.25	16.11310577392578
218.09999084472656	162.08999633789063	14.473106384277344
154.08999633789063	239.17999267578125	17.393104553222656
27.509998321533203	10.34999942779541	18.27310562133789
192.9199981689453	58.439998626708984	18.073108673095703
68.16000366210938	80.86000061035156	16.023109436035156
86.0999984741211	137.9499969482422	14.303108215332031
99.58000183105469	200.6699981689453	14.863105773925781
36.04999923706055	121.44000244140625	17.84310531616211
31.380001068115234	123.54999542236328	16.21310806274414
238.8699951171875	67.33000183105469	17.87310791015625
9.630000114440918	142.1699981689453	16.913105010986328
239.33999633789063	219.38998413085938	17.52310562133789
221.989990234375	58.33000183105469	17.933109283447266
123.05000305175781	7.420000076293945	17.25310516357422
192.19000244140625	158.6699981689453	17.58310317993164
20.139999389648438	40.400001525878906	18.253108978271484
165.48001098632813	143.54998779296875	17.21310806274414
187.25	109.79000091552734	18.313106536865234
227.6899871826172	195.3599853515625	17.243106842041016
159.9600067138672	39.77000045776367	16.03310775756836
203.47000122070313	46.220001220703125	15.043109893798828
10.019999504089355	90.66000366210938	16.993106842041016
10.629999160766602	15.989999771118164	17.84310531616211
21.35999870300293	75.56000518798828	17.52310562133789
180.07000732421875	127.55999755859375	18.603107452392578
43.80000305175781	127.3499984741211	17.11310577392578
226.6699981689453	6.630000114440918	15.283103942871094
190.11000061035156	171.45001220703125	17.823108673095703
73.02999877929688	108.02000427246094	16.503108978271484
160.33999633789063	111.02999877929688	17.94310760498047
117.29999542236328	196.1300048828125	15.943103790283203
192.3800048828125	180.94000244140625	17.53310775756836
131.75999450683594	158.8000030517578	16.953105926513672
8.319999694824219	214.62998962402344	17.13311004638672
186.69000244140625	145.33999633789063	17.613109588623047
189.99000549316406	201.9300079345703	17.303104400634766
107.22000122070313	4.0	16.813106536865234
117.72000122070313	27.34000015258789	18.61310577392578
177.94000244140625	150.5	17.793109893798828
191.60000610351563	118.3499984741211	16.923107147216797
132.13999938964844	13.920000076293945	16.94310760498047
174.1999969482422	172.75999450683594	17.28310775756836
16.0	194.69000244140625	17.94310760498047
35.30999755859375	133.24000549316406	16.853107452392578
73.94000244140625	166.50999450683594	18.733108520507813
189.79998779296875	49.220001220703125	18.853107452392578
55.94999694824219	121.14999389648438	18.493106842041016
104.68000793457031	40.599998474121094	16.69310760498047
92.66999816894531	236.0800018310547	19.30310821533203
196.58001708984375	53.88999938964844	17.493106842041016
76.06999969482422	225.3800048828125	15.143104553222656
186.72000122070313	53.279998779296875	15.863105773925781
163.1300048828125	47.8599967956543	17.96310806274414
86.19999694824219	108.27999877929688	16.723106384277344
107.39999389648438	89.39999389648438	16.80310821533203
161.95999145507813	135.57000732421875	16.573108673095703
131.60000610351563	92.5199966430664	16.973106384277344
164.79000854492188	131.27999877929688	17.983104705810547
179.7100067138672	172.49000549316406	17.743106842041016
108.2199935913086	79.59000396728516	17.273109436035156
140.3300018310547	89.44999694824219	15.84310531616211
55.83000183105469	85.81000518798828	16.653106689453125
118.90999603271484	227.98001098632813	17.383106231689453
184.25	69.1500015258789	17.613109588623047
179.23001098632813	115.9000015258789	16.723106384277344
139.52999877929688	140.67999267578125	17.573104858398438
116.28999328613281	0.32999998331069946	16.683109283447266
52.189998626708984	124.54000854492188	18.21310806274414
146.2899932861328	109.09000396728516	16.743106842041016
165.00999450683594	171.88998413085938	15.993106842041016
96.08000183105469	129.72999572753906	18.38311004638672
202.73001098632813	13.789999008178711	17.753108978271484
56.2400016784668	46.81999969482422	17.13311004638672
193.0500030517578	1.2699999809265137	16.603103637695313
213.6599884033203	73.48999786376953	17.263111114501953
160.489990234375	185.89999389648438	17.153106689453125
124.18999481201172	17.020000457763672	16.80310821533203
10.760000228881836	53.720001220703125	16.393104553222656
133.17999267578125	100.94000244140625	15.77310562133789
9.559999465942383	162.52999877929688	18.12310791015625
232.55999755859375	37.060001373291016	17.413108825683594
185.97999572753906	13.179999351501465	13.923107147216797
153.25	188.34999084472656	17.223106384277344
137.989990234375	63.63999938964844	18.163105010986328
160.510009765625	226.29998779296875	15.603107452392578
43.41999816894531	170.2899932861328	15.943103790283203
187.83001708984375	222.22999572753906	17.013107299804688
17.389999389648438	121.55999755859375	14.633110046386719
222.01998901367188	217.83999633789063	17.453105926513672
189.6199951171875	148.99000549316406	15.513107299804688
136.50999450683594	165.97999572753906	17.77310562133789
13.329999923706055	102.69000244140625	17.223106384277344
169.7100067138672	217.14999389648438	14.753105163574219
6.0	138.38999938964844	16.96310806274414
184.9099884033203	217.44000244140625	16.683109283447266
199.260009765625	138.1300048828125	17.543109893798828
134.4199981689453	223.7899932861328	17.713104248046875
25.350000381469727	68.5	17.063106536865234
233.95999145507813	163.52999877929688	14.483104705810547
51.040000915527344	54.23999786376953	15.583106994628906
53.439998626708984	211.01998901367188	16.363109588623047
15.430000305175781	229.6999969482422	17.223106384277344
213.260009765625	227.9199981689453	18.043106079101563
8.850000381469727	30.389999389648438	16.053104400634766
59.88999938964844	203.86000061035156	17.65310287475586
77.93000030517578	124.29000091552734	17.573104858398438
113.13999938964844	140.30999755859375	17.043106079101563
176.97999572753906	47.900001525878906	16.323104858398438
192.27999877929688	16.28999900817871	17.47311019897461
138.07000732421875	125.12999725341797	17.163105010986328
239.3199920654297	130.3800048828125	17.263111114501953
46.19999694824219	117.55000305175781	16.493106842041016
0.07000000029802322	93.86000061035156	17.453105926513672
163.11001586914063	216.5500030517578	16.503108978271484
131.3000030517578	49.45000076293945	14.863105773925781
186.01998901367188	138.9199981689453	16.603103637695313
129.84999084472656	141.19000244140625	17.203109741210938
166.14999389648438	79.88999938964844	17.913105010986328
30.060001373291016	70.68999481201172	16.80310821533203
4.329999923706055	103.00999450683594	18.43310546875
232.55999755859375	152.34999084472656	16.33310317993164
145.6999969482422	66.33999633789063	18.09310531616211
94.16999816894531	138.6699981689453	17.323104858398438
180.8300018310547	38.369998931884766	16.543109893798828
17.5	189.83999633789063	17.413108825683594
226.0	72.19999694824219	17.643104553222656
147.0800018310547	187.05999755859375	16.453105926513672
220.02000427246094	233.37998962402344	17.053104400634766
49.540000915527344	99.22000122070313	17.083106994628906
64.27000427246094	49.69999694824219	16.763107299804688
39.849998474121094	188.41000366210938	16.343109130859375
28.880001068115234	230.20999145507813	18.763103485107422
40.279998779296875	159.77999877929688	14.643108367919922
166.29998779296875	193.1999969482422	16.69310760498047
171.50999450683594	220.72999572753906	18.573104858398438
78.08999633789063	238.02999877929688	16.243106842041016
141.8699951171875	2.5999999046325684	18.403106689453125
141.52000427246094	7.720000267028809	17.603107452392578
53.93000030517578	129.3000030517578	16.55310821533203
37.630001068115234	235.6800079345703	16.913105010986328
94.09000396728516	111.04000091552734	16.613109588623047
128.95001220703125	45.43000030517578	17.633106231689453
139.70999145507813	54.05000305175781	15.403106689453125
52.98999786376953	216.58999633789063	16.18310546875
93.24000549316406	228.27999877929688	17.163105010986328
195.6199951171875	129.70999145507813	17.303104400634766
203.72000122070313	101.12000274658203	16.913105010986328
140.29000854492188	171.25999450683594	16.393104553222656
208.95999145507813	121.66000366210938	17.483108520507813
93.20999908447266	105.67000579833984	15.193107604980469
205.6800079345703	134.08999633789063	14.653106689453125
171.27000427246094	127.63999938964844	18.453109741210938
227.1999969482422	37.85000228881836	17.413108825683594
21.559999465942383	59.81999969482422	19.203105926513672
0.7699999809265137	177.3699951171875	15.693107604980469
184.239990234375	5.880000114440918	17.50310516357422
6.510000228881836	172.09999084472656	16.763107299804688
95.29000091552734	65.41999816894531	18.623104095458984
78.77999877929688	230.02999877929688	16.543109893798828
49.62999725341797	1.3199999332427979	15.853107452392578
164.76998901367188	198.19000244140625	17.353107452392578
197.32000732421875	165.97999572753906	17.46310806274414
