X	Y	Z
93.83599853515625	81.02899169921875	26.184101104736328
131.17799377441406	218.70498657226563	10.39810562133789
92.65499877929688	103.64399719238281	24.90610122680664
223.72698974609375	19.142000198364258	19.326107025146484
85.79899597167969	162.89199829101563	22.704105377197266
89.63699340820313	11.761999130249023	20.449108123779297
177.66799926757813	32.05799865722656	19.372108459472656
98.45899963378906	126.06299591064453	28.35610580444336
141.01499938964844	15.274999618530273	13.95010757446289
23.696998596191406	111.3759994506836	16.254108428955078
23.845998764038086	198.64898681640625	8.743106842041016
148.8939971923828	218.18399047851563	7.911106109619141
27.953998565673828	81.76699829101563	18.207103729248047
212.2379913330078	41.18899917602539	19.330108642578125
24.14699935913086	182.8470001220703	17.204105377197266
37.56800079345703	27.1510009765625	13.224109649658203
175.7259979248047	96.83599853515625	19.525104522705078
19.83799934387207	24.68000030517578	14.358108520507813
230.8889923095703	52.16699981689453	22.757099151611328
193.72598266601563	8.527999877929688	6.363109588623047
153.07899475097656	118.572998046875	15.83310317993164
106.79999542236328	77.22699737548828	27.087100982666016
200.08200073242188	32.347999572753906	17.801105499267578
14.920999526977539	39.987998962402344	16.017105102539063
101.2969970703125	43.01000213623047	28.143108367919922
150.1219940185547	186.05899047851563	18.665103912353516
77.05999755859375	94.6939926147461	22.977108001708984
211.4309844970703	226.44998168945313	10.102108001708984
39.39099884033203	196.406005859375	17.485103607177734
175.6079864501953	28.578998565673828	16.19510269165039
29.01099967956543	230.80299377441406	16.99710464477539
129.58799743652344	176.04000854492188	24.75510025024414
130.6619873046875	24.78299903869629	21.724105834960938
4.72599983215332	131.3419952392578	11.975105285644531
38.211997985839844	122.25199890136719	13.87310791015625
106.69499206542969	186.00399780273438	24.459110260009766
210.05899047851563	153.92300415039063	12.51910400390625
191.5260009765625	59.03499984741211	18.739105224609375
64.31099700927734	43.480995178222656	21.051105499267578
105.39199829101563	100.51200103759766	24.62210464477539
88.60800170898438	48.91200256347656	26.789104461669922
71.73699951171875	135.96200561523438	17.29210662841797
170.9300079345703	228.6859893798828	6.974109649658203
147.98599243164063	25.606998443603516	16.151103973388672
25.0	157.88198852539063	11.204105377197266
213.8509979248047	213.23599243164063	11.63510513305664
73.73999786376953	4.129000186920166	18.65810775756836
209.8889923095703	101.99299621582031	15.209102630615234
80.31600189208984	135.83799743652344	21.588104248046875
52.40299606323242	182.79600524902344	18.809104919433594
11.402998924255371	134.22999572753906	11.616104125976563
84.05399322509766	201.47900390625	14.675106048583984
12.508000373840332	204.0609893798828	11.117107391357422
11.069000244140625	174.2519989013672	15.210105895996094
65.61599731445313	181.26998901367188	17.567108154296875
206.99400329589844	57.920997619628906	21.45510482788086
37.072998046875	230.88499450683594	17.195106506347656
64.11100006103516	169.45899963378906	14.408103942871094
172.3280029296875	17.29800033569336	13.099105834960938
195.35499572753906	112.86499786376953	17.211105346679688
217.3979949951172	2.937999963760376	14.842105865478516
160.31298828125	42.4109992980957	19.05910873413086
206.7919921875	32.85099792480469	21.649105072021484
13.108999252319336	99.54399871826172	19.772106170654297
185.70899963378906	50.58799743652344	17.881103515625
94.25999450683594	192.52999877929688	15.039108276367188
159.46798706054688	73.9280014038086	17.178104400634766
114.85699462890625	8.34999942779541	17.864105224609375
139.75299072265625	35.375999450683594	20.704105377197266
152.4080047607422	179.27798461914063	19.607105255126953
123.85699462890625	20.727998733520508	21.97510528564453
62.73899841308594	127.91099548339844	15.785106658935547
135.5019989013672	216.1859893798828	8.805103302001953
220.70899963378906	49.64900207519531	21.204105377197266
69.4000015258789	20.52199935913086	22.896106719970703
17.878999710083008	81.31199645996094	19.695106506347656
102.64800262451172	50.577999114990234	26.48410415649414
69.96499633789063	94.10399627685547	17.166107177734375
83.48199462890625	128.8159942626953	24.980106353759766
41.04399871826172	15.160999298095703	18.16610336303711
135.90499877929688	193.09999084472656	18.226104736328125
9.053999900817871	154.70599365234375	11.01010513305664
101.20599365234375	199.91998291015625	12.18710708618164
197.9219970703125	157.4949951171875	18.1361083984375
224.43698120117188	192.53799438476563	13.844104766845703
186.8459930419922	123.52799224853516	21.790103912353516
100.54000091552734	55.40899658203125	26.530109405517578
111.18599700927734	225.4399871826172	12.973106384277344
88.70299530029297	185.5290069580078	18.54210662841797
64.22799682617188	63.51799774169922	21.310108184814453
44.50199890136719	173.32501220703125	16.594104766845703
132.91299438476563	0.85999995470047	11.748104095458984
3.440999984741211	140.8679962158203	12.058109283447266
1.815000057220459	122.19499206542969	14.577106475830078
86.91799926757813	68.76499938964844	29.170108795166016
226.68499755859375	151.77798461914063	13.277103424072266
101.32899475097656	85.85299682617188	26.881107330322266
117.21599578857422	212.93099975585938	9.164104461669922
94.22599792480469	186.9239959716797	17.67310333251953
113.91999053955078	103.70599365234375	22.101104736328125
185.37698364257813	42.634002685546875	17.678104400634766
79.58999633789063	125.25498962402344	23.85610580444336
91.5999984741211	27.022998809814453	25.670108795166016
104.51499938964844	90.58899688720703	28.646106719970703
203.7080078125	149.17799377441406	12.044109344482422
20.158998489379883	5.155999660491943	14.380104064941406
101.73799133300781	145.26300048828125	27.23410415649414
103.64899444580078	172.489990234375	24.696102142333984
196.625	171.89599609375	11.082107543945313
187.66799926757813	25.43199920654297	18.814102172851563
12.378999710083008	91.88999938964844	19.17310333251953
187.0159912109375	3.3010001182556152	6.708103179931641
45.29399871826172	12.153999328613281	17.783103942871094
16.15799903869629	210.07901000976563	12.214103698730469
25.250999450683594	200.35499572753906	13.340103149414063
5.2099995613098145	198.72799682617188	9.446109771728516
155.00099182128906	100.83299255371094	13.43310546875
5.618999481201172	9.821999549865723	17.96310806274414
185.583984375	75.98199462890625	20.160106658935547
138.04299926757813	211.12600708007813	9.410106658935547
151.96798706054688	82.86099243164063	20.809104919433594
79.44400024414063	29.814998626708984	23.358104705810547
160.5139923095703	173.2639923095703	17.95010757446289
33.20099639892578	31.18000030517578	14.124103546142578
192.36599731445313	208.56199645996094	7.310108184814453
119.74899291992188	37.45499801635742	26.47909927368164
170.48500061035156	142.08799743652344	17.94210433959961
44.85399627685547	216.53099060058594	17.539108276367188
212.57398986816406	11.116999626159668	14.4591064453125
181.36399841308594	89.38599395751953	16.613101959228516
88.6679916381836	115.46499633789063	26.068103790283203
66.43499755859375	25.27899932861328	24.030109405517578
48.480995178222656	219.79901123046875	14.905105590820313
87.69000244140625	31.443998336791992	24.736103057861328
137.62998962402344	183.96499633789063	20.889102935791016
103.97899627685547	68.60499572753906	26.961101531982422
155.53099060058594	77.11399841308594	18.39410400390625
199.8159942626953	153.09799194335938	15.276103973388672
201.30699157714844	183.8489990234375	10.775104522705078
185.11700439453125	207.21099853515625	6.397106170654297
225.74600219726563	145.8470001220703	12.764106750488281
111.90899658203125	74.00499725341797	25.845104217529297
158.60499572753906	95.56700134277344	19.989105224609375
219.73199462890625	91.85899353027344	18.98410415649414
129.0139923095703	155.9739990234375	20.86310577392578
-4.644999980926514	227.66799926757813	13.57510757446289
203.79400634765625	214.66098022460938	8.897106170654297
23.143999099731445	171.15200805664063	10.963104248046875
57.29099655151367	40.55999755859375	17.81710433959961
218.37298583984375	81.65499877929688	20.12710952758789
117.53199768066406	158.4759979248047	22.79910659790039
24.10099983215332	148.71798706054688	11.070106506347656
217.31900024414063	147.83499145507813	13.2821044921875
102.15299987792969	127.15599822998047	25.147106170654297
155.3769989013672	109.93800354003906	14.806106567382813
44.64799880981445	230.07098388671875	14.947105407714844
15.922999382019043	33.93199920654297	15.06210708618164
198.5800018310547	129.30899047851563	21.37610626220703
227.33299255371094	121.33099365234375	16.20010757446289
29.60300064086914	97.46499633789063	19.26010513305664
84.62899780273438	64.13999938964844	25.938106536865234
135.6959991455078	63.0989990234375	26.694103240966797
174.64898681640625	181.45700073242188	13.019107818603516
116.322998046875	87.58799743652344	27.66110610961914
87.99300384521484	96.41200256347656	23.996105194091797
61.91099548339844	144.1739959716797	18.621105194091797
119.46099090576172	199.26800537109375	16.69210433959961
106.38199615478516	154.33099365234375	22.952106475830078
84.14900207519531	100.08300018310547	22.390106201171875
214.65798950195313	67.88499450683594	21.822105407714844
19.902999877929688	230.91000366210938	15.961105346679688
173.19700622558594	44.23199462890625	20.909107208251953
141.08499145507813	201.6490020751953	16.948104858398438
179.45098876953125	50.26199722290039	17.287105560302734
16.45199966430664	28.650999069213867	14.650104522705078
115.8280029296875	122.5679931640625	21.89510726928711
36.257999420166016	186.63999938964844	15.294105529785156
80.12100219726563	116.8239974975586	24.921100616455078
189.09197998046875	89.22299194335938	16.63210678100586
186.3459930419922	132.88198852539063	20.079105377197266
125.45299530029297	17.17300033569336	17.310108184814453
13.413000106811523	124.8219985961914	11.572105407714844
32.23500061035156	133.91099548339844	9.86410140991211
52.240997314453125	205.51499938964844	14.730106353759766
46.40899658203125	96.80799865722656	16.749107360839844
71.54499816894531	162.8199920654297	18.408103942871094
126.13899230957031	206.33299255371094	12.886104583740234
189.02198791503906	67.375	20.164104461669922
65.60400390625	-0.6200000047683716	16.774105072021484
221.5679931640625	137.25900268554688	12.591106414794922
116.41600036621094	131.15200805664063	25.537105560302734
55.12699890136719	222.8800048828125	18.728107452392578
37.729000091552734	206.08798217773438	17.754104614257813
191.81900024414063	121.37199401855469	18.723102569580078
158.24899291992188	27.94999885559082	18.10110855102539
186.29998779296875	56.003997802734375	19.21810531616211
183.8870086669922	224.48199462890625	7.9871063232421875
27.010000228881836	141.08499145507813	10.30810546875
29.211999893188477	127.22000122070313	12.27310562133789
176.14198303222656	162.3699951171875	17.896106719970703
83.77499389648438	176.81597900390625	20.525104522705078
100.06400299072266	19.05500030517578	23.060108184814453
149.5659942626953	135.11000061035156	19.20510482788086
225.614990234375	165.60299682617188	14.39810562133789
120.93899536132813	154.0780029296875	25.66910171508789
179.34999084472656	45.29399871826172	15.436107635498047
40.64399719238281	30.126998901367188	16.76610565185547
124.95100402832031	210.17599487304688	8.742107391357422
166.6020050048828	75.17999267578125	19.229103088378906
65.40499877929688	186.47100830078125	19.95510482788086
113.16699981689453	205.82199096679688	11.943103790283203
121.52099609375	111.57799530029297	22.709102630615234
15.472000122070313	159.01699829101563	8.216106414794922
222.98500061035156	80.40299224853516	18.815105438232422
168.58099365234375	91.95499420166016	19.778106689453125
106.24099731445313	116.05999755859375	22.336101531982422
9.042999267578125	58.481998443603516	22.604106903076172
209.14498901367188	179.583984375	13.746105194091797
158.99099731445313	155.3889923095703	18.999107360839844
45.736000061035156	91.80500030517578	17.776103973388672
18.18199920654297	11.776999473571777	12.029106140136719
134.33499145507813	26.868999481201172	19.025104522705078
183.78599548339844	32.819000244140625	20.77310562133789
4.007999897003174	112.76100158691406	12.19210433959961
96.91999816894531	178.4949951171875	20.52310562133789
51.608001708984375	103.64999389648438	17.508102416992188
133.98800659179688	169.01300048828125	26.094104766845703
205.61898803710938	159.62599182128906	13.449104309082031
202.40098571777344	162.90399169921875	14.612102508544922
11.467999458312988	166.68800354003906	11.284107208251953
60.80400085449219	83.55899810791016	22.723102569580078
19.77199935913086	189.3789825439453	14.516109466552734
116.82799530029297	117.43499755859375	21.251102447509766
60.70699691772461	172.7369842529297	17.07110595703125
210.09100341796875	28.79400062561035	22.649105072021484
9.030999183654785	107.3239974975586	16.5321044921875
195.61099243164063	100.43299865722656	15.57110595703125
220.9149932861328	44.93299865722656	18.54210662841797
89.75699615478516	36.290000915527344	24.321102142333984
69.29000091552734	196.8179931640625	17.142108917236328
198.510986328125	20.125	17.891101837158203
166.07199096679688	23.892000198364258	17.448108673095703
212.93399047851563	133.28199768066406	18.076107025146484
52.20100021362305	167.80699157714844	14.68710708618164
70.91300201416016	29.672000885009766	23.452106475830078
30.027999877929688	71.91799926757813	19.107105255126953
108.99199676513672	158.68099975585938	22.42910385131836
130.37399291992188	151.07199096679688	19.659107208251953
131.33299255371094	50.843997955322266	23.485103607177734
13.595999717712402	162.15699768066406	11.935108184814453
178.46800231933594	85.67500305175781	18.27810287475586
136.864990234375	146.55499267578125	21.11810302734375
107.61699676513672	145.7639923095703	26.214107513427734
201.86099243164063	9.343000411987305	12.724105834960938
129.23098754882813	143.2989959716797	22.447105407714844
47.35699462890625	125.52499389648438	14.188106536865234
101.57599639892578	220.1429901123047	15.185104370117188
41.503997802734375	90.0459976196289	15.583106994628906
225.59201049804688	24.147998809814453	22.498104095458984
0.9169999361038208	28.727998733520508	17.54210662841797
2.9110000133514404	169.23898315429688	12.07110595703125
53.89800262451172	213.01898193359375	15.306106567382813
56.01899719238281	197.2949981689453	17.822105407714844
75.96900177001953	88.16100311279297	22.719104766845703
33.85499954223633	180.177001953125	17.23410415649414
50.77699661254883	29.628000259399414	16.570106506347656
72.43799591064453	-1.4819998741149902	19.790103912353516
215.72999572753906	161.18798828125	13.530101776123047
65.58899688720703	196.0389862060547	14.056106567382813
151.6479949951172	91.81099700927734	18.002105712890625
51.902000427246094	36.582000732421875	16.37210464477539
227.11500549316406	40.21299743652344	17.652103424072266
20.548999786376953	36.39099884033203	12.879108428955078
125.54000091552734	126.58999633789063	23.45810317993164
7.945999622344971	212.25299072265625	11.288105010986328
219.36599731445313	155.1230010986328	11.400104522705078
45.69900131225586	210.95399475097656	17.722103118896484
73.51399993896484	125.0739974975586	17.280101776123047
87.53500366210938	19.283998489379883	25.79110336303711
48.15299987792969	41.24300003051758	16.136104583740234
146.3280029296875	166.86898803710938	22.137104034423828
94.9679946899414	10.645999908447266	20.403106689453125
217.09298706054688	40.03499984741211	20.000106811523438
46.667999267578125	181.12399291992188	16.618106842041016
32.38999938964844	60.295997619628906	16.680103302001953
10.79800033569336	4.63700008392334	13.568107604980469
139.5780029296875	30.670997619628906	18.980106353759766
143.7220001220703	64.60199737548828	22.682106018066406
165.15399169921875	224.5179901123047	7.6851043701171875
189.7830047607422	139.4639892578125	19.32010269165039
85.62999725341797	149.87100219726563	25.06710433959961
122.11099243164063	165.90798950195313	25.850109100341797
80.86399841308594	155.61199951171875	19.90410614013672
2.248999834060669	38.80500030517578	17.669109344482422
228.96499633789063	131.37799072265625	12.011104583740234
-0.45499998331069946	225.093994140625	14.221107482910156
225.68600463867188	208.06597900390625	13.780105590820313
74.77999877929688	27.05699920654297	21.367103576660156
78.81900024414063	182.98500061035156	16.909107208251953
133.6999969482422	86.16199493408203	19.079105377197266
70.4000015258789	83.15499877929688	24.70010757446289
153.99099731445313	54.01599884033203	17.52010726928711
18.90199851989746	118.01200103759766	15.940105438232422
31.761999130249023	23.479999542236328	15.027103424072266
139.10499572753906	106.3169937133789	16.07510757446289
2.381999969482422	185.5889892578125	10.368106842041016
222.3719940185547	63.09099578857422	24.478107452392578
9.512999534606934	181.2449951171875	11.240108489990234
105.1929931640625	223.1439971923828	14.441104888916016
176.8669891357422	118.32499694824219	15.56210708618164
21.606998443603516	55.88100051879883	19.505107879638672
100.31299591064453	64.67799377441406	26.967105865478516
58.9839973449707	161.98599243164063	14.35610580444336
146.1619873046875	46.69200134277344	24.32010269165039
77.13400268554688	145.75	23.082103729248047
86.90799713134766	2.7960000038146973	17.509105682373047
215.8109893798828	57.0890007019043	20.278106689453125
10.782999992370605	68.0790023803711	22.91110610961914
181.41500854492188	2.5239996910095215	6.025104522705078
153.8260040283203	138.0869903564453	19.93710708618164
200.09300231933594	137.52099609375	20.262104034423828
13.052000045776367	73.13999938964844	21.00710678100586
101.92399597167969	195.8149871826172	14.94210433959961
126.35799407958984	100.14099884033203	20.967105865478516
200.5469970703125	119.49299621582031	15.610103607177734
156.82199096679688	148.3389892578125	20.190105438232422
108.72900390625	132.156005859375	26.85110092163086
190.02099609375	43.513999938964844	21.04910659790039
106.0739974975586	168.56399536132813	22.95510482788086
36.55099868774414	220.1669921875	18.539104461669922
14.674999237060547	49.9119987487793	19.745105743408203
73.91299438476563	62.19599914550781	24.339107513427734
48.97200012207031	193.19898986816406	18.228103637695313
67.81299591064453	89.65199279785156	20.941104888916016
167.968994140625	156.822998046875	19.028106689453125
62.98400115966797	3.5879998207092285	19.35210418701172
129.4320068359375	185.9219970703125	21.900108337402344
34.82999801635742	157.97100830078125	12.124107360839844
6.602999687194824	219.08999633789063	15.561107635498047
112.30400085449219	197.78399658203125	16.054107666015625
24.288999557495117	98.14199829101563	20.30710220336914
4.709000110626221	94.73799896240234	19.936107635498047
24.858999252319336	47.53200149536133	19.778106689453125
164.91299438476563	190.02699279785156	12.29510498046875
27.488000869750977	176.75900268554688	14.713104248046875
22.11400032043457	88.5469970703125	21.615108489990234
144.8159942626953	120.30499267578125	17.683109283447266
45.84700012207031	79.7770004272461	19.931102752685547
102.3489990234375	34.79899978637695	22.814105987548828
5.173000335693359	190.093994140625	11.378105163574219
29.694997787475586	53.2609977722168	18.362102508544922
65.29299926757813	38.00199890136719	22.00110626220703
3.875999927520752	5.361999988555908	15.259105682373047
-1.6019999980926514	94.02400207519531	17.237106323242188
21.423999786376953	102.1199951171875	18.79510498046875
26.28799819946289	190.34898376464844	15.749103546142578
209.34201049804688	134.75299072265625	13.98110580444336
183.68899536132813	19.177000045776367	16.586105346679688
206.6129913330078	190.5500030517578	12.699104309082031
51.336997985839844	46.55999755859375	17.280101776123047
52.861000061035156	28.07499885559082	21.662105560302734
122.68699645996094	144.3730010986328	26.401103973388672
39.21099853515625	166.8330078125	14.404102325439453
220.947998046875	35.40699768066406	19.207107543945313
59.652000427246094	102.11599731445313	19.484107971191406
70.45699310302734	70.61100006103516	28.00210952758789
23.364999771118164	66.3179931640625	18.42910385131836
180.87200927734375	126.5009994506836	19.54910659790039
165.11399841308594	125.114990234375	15.946102142333984
217.77899169921875	10.942000389099121	14.344108581542969
129.10299682617188	9.645999908447266	15.283103942871094
154.20999145507813	162.4040069580078	18.003101348876953
172.0240020751953	153.9669952392578	17.70110321044922
29.26099967956543	104.48399353027344	16.943103790283203
33.222999572753906	93.07899475097656	17.399105072021484
221.09100341796875	127.67799377441406	16.823108673095703
98.98300170898438	153.70298767089844	27.716106414794922
140.114990234375	220.03500366210938	9.324104309082031
208.7539825439453	221.95199584960938	11.073104858398438
52.439998626708984	68.42599487304688	21.91610336303711
73.42399597167969	176.88400268554688	16.204105377197266
199.32298278808594	105.38199615478516	18.0321044921875
142.04400634765625	146.29998779296875	23.17910385131836
100.27699279785156	99.19099426269531	26.19510269165039
127.6419906616211	57.659996032714844	28.272106170654297
114.81299591064453	52.593997955322266	27.44510269165039
190.1750030517578	94.80699157714844	18.670101165771484
155.68299865722656	195.51199340820313	13.396106719970703
88.91099548339844	178.23899841308594	21.603103637695313
-2.1489999294281006	80.31600189208984	20.814105987548828
179.34500122070313	159.05299377441406	16.78110122680664
162.66099548339844	140.614990234375	18.558101654052734
221.93299865722656	72.11299896240234	20.031105041503906
190.96499633789063	166.1540069580078	15.361106872558594
2.447000026702881	45.29800033569336	21.20010757446289
188.85598754882813	115.29299926757813	17.41010284423828
154.16799926757813	167.4739990234375	20.012104034423828
90.05199432373047	125.63699340820313	27.595104217529297
82.55299377441406	196.39498901367188	15.462104797363281
168.3939971923828	99.23500061035156	13.264102935791016
199.343994140625	45.89099884033203	22.312103271484375
170.5439910888672	48.222999572753906	18.969104766845703
122.02200317382813	56.70199966430664	27.44210433959961
111.70999145507813	95.73799896240234	27.740100860595703
142.6179962158203	207.65399169921875	10.034107208251953
47.150997161865234	156.13499450683594	13.564105987548828
138.63400268554688	155.3629913330078	21.598106384277344
34.49699783325195	77.2509994506836	18.530101776123047
41.047996520996094	158.93899536132813	13.392108917236328
2.0439999103546143	106.65899658203125	15.228107452392578
130.6179962158203	160.85498046875	23.75710678100586
21.597000122070313	44.23500061035156	16.588104248046875
103.52699279785156	11.4399995803833	21.017105102539063
169.73098754882813	177.76498413085938	13.88210678100586
173.38699340820313	10.87399959564209	8.99410629272461
207.5679931640625	200.10398864746094	10.075103759765625
130.0089874267578	103.33899688720703	17.87810516357422
155.947998046875	115.08799743652344	13.854106903076172
24.371997833251953	205.43800354003906	13.46810531616211
49.920997619628906	163.18499755859375	11.435104370117188
158.7939910888672	164.71600341796875	19.848106384277344
169.70399475097656	29.309999465942383	16.735107421875
17.784000396728516	223.43499755859375	15.125102996826172
226.6219940185547	63.57899475097656	21.842105865478516
163.7449951171875	208.5749969482422	10.551105499267578
92.31599426269531	142.59500122070313	24.387104034423828
116.22100067138672	172.7760009765625	27.162105560302734
62.55099868774414	165.24000549316406	17.053104400634766
221.94198608398438	119.01299285888672	19.018104553222656
120.27299499511719	191.49000549316406	24.097103118896484
193.13499450683594	38.0469970703125	17.08310317993164
49.74300003051758	132.8489990234375	18.034107208251953
115.56399536132813	44.138999938964844	27.689105987548828
163.79798889160156	53.395999908447266	21.031105041503906
198.09298706054688	192.5989990234375	11.22210693359375
173.0830078125	190.75698852539063	12.065105438232422
141.46800231933594	123.94000244140625	19.573104858398438
171.46299743652344	186.41500854492188	11.947105407714844
187.22999572753906	221.3459930419922	4.57110595703125
160.31201171875	48.9839973449707	19.23910140991211
26.591999053955078	43.189002990722656	16.383106231689453
46.9849967956543	101.61799621582031	14.30410385131836
127.48500061035156	86.91100311279297	23.565105438232422
114.82799530029297	62.560001373291016	27.785099029541016
32.746002197265625	114.85299682617188	17.52210235595703
91.552001953125	57.54899978637695	28.15311050415039
110.68699645996094	28.06399917602539	24.538105010986328
168.29598999023438	121.27999114990234	13.887107849121094
205.45599365234375	114.0199966430664	13.90810775756836
62.0260009765625	134.38800048828125	17.262104034423828
194.79901123046875	176.90499877929688	11.522106170654297
206.11700439453125	209.1580047607422	10.006107330322266
96.58199310302734	0.46000000834465027	16.905105590820313
46.572998046875	188.56199645996094	16.277103424072266
76.4990005493164	105.14599609375	21.565105438232422
174.44198608398438	61.37799835205078	21.427104949951172
86.58799743652344	103.08499145507813	27.19210433959961
170.9580078125	130.0189971923828	16.54210662841797
202.62600708007813	66.26499938964844	23.396106719970703
-3.130999803543091	71.7959976196289	22.181106567382813
102.04399871826172	118.52299499511719	25.745105743408203
186.95999145507813	174.42599487304688	13.001106262207031
211.1599884033203	193.68299865722656	10.688106536865234
188.30999755859375	9.220000267028809	12.342105865478516
214.08799743652344	169.76499938964844	14.072105407714844
122.94999694824219	11.647998809814453	18.489105224609375
81.50900268554688	1.4800000190734863	18.828102111816406
213.33599853515625	120.10600280761719	16.904102325439453
58.48699951171875	191.864990234375	18.172103881835938
181.13497924804688	67.91600036621094	21.138107299804688
33.38399887084961	152.2429962158203	11.394107818603516
151.11599731445313	21.917999267578125	17.064105987548828
108.77799987792969	137.2830047607422	26.579105377197266
27.72599983215332	30.17599868774414	14.430103302001953
203.82398986816406	76.41799926757813	20.452106475830078
186.4810028076172	111.072998046875	15.755107879638672
157.01300048828125	181.4720001220703	15.850109100341797
44.987998962402344	55.461997985839844	18.418102264404297
165.71499633789063	197.3769989013672	11.287105560302734
129.375	42.481998443603516	25.850109100341797
123.6189956665039	66.0989990234375	26.607105255126953
56.696998596191406	141.4639892578125	16.807106018066406
98.55400085449219	111.52599334716797	26.342105865478516
207.00198364257813	72.88099670410156	18.735103607177734
74.31999969482422	172.69699096679688	19.43210220336914
204.49400329589844	122.07398986816406	17.802104949951172
77.63800048828125	76.26000213623047	28.628101348876953
23.330997467041016	119.10499572753906	13.448108673095703
20.61699867248535	132.843994140625	10.203105926513672
181.53298950195313	77.49299621582031	17.092105865478516
151.4969940185547	126.33399963378906	21.26910400390625
58.288997650146484	92.22199249267578	18.976104736328125
92.52399444580078	62.297996520996094	27.171100616455078
218.63299560546875	220.8619842529297	11.051105499267578
78.0199966430664	205.45999145507813	14.753105163574219
160.92599487304688	59.40599822998047	20.190105438232422
226.1219940185547	182.87698364257813	14.001102447509766
84.22599792480469	11.627999305725098	22.555103302001953
32.87299728393555	106.7770004272461	20.897106170654297
110.09599304199219	190.29800415039063	23.655109405517578
56.69300079345703	59.40299987792969	18.491104125976563
113.66099548339844	163.34999084472656	22.748104095458984
154.07699584960938	187.95899963378906	16.508106231689453
119.83000183105469	179.90798950195313	23.440105438232422
127.47000122070313	76.2719955444336	24.516109466552734
78.00299835205078	177.9739990234375	19.219104766845703
8.758999824523926	116.99899291992188	14.227108001708984
114.55299377441406	217.0970001220703	10.063106536865234
2.1679999828338623	16.454999923706055	21.634105682373047
119.0009994506836	94.73999786376953	24.129108428955078
148.19500732421875	154.0800018310547	21.49710464477539
219.35499572753906	14.86199951171875	18.068103790283203
217.88900756835938	203.7139892578125	11.684104919433594
63.447998046875	72.4209976196289	23.044109344482422
74.40799713134766	201.30099487304688	13.021102905273438
119.16299438476563	184.97000122070313	24.69210433959961
217.1519775390625	184.63800048828125	12.34310531616211
127.22199249267578	92.17899322509766	20.770103454589844
59.70699691772461	200.42401123046875	16.543102264404297
155.21600341796875	67.54899597167969	20.342105865478516
158.46499633789063	20.743000030517578	13.125106811523438
97.08399963378906	156.87599182128906	23.988101959228516
194.4949951171875	32.87999725341797	19.222103118896484
141.17799377441406	227.82699584960938	9.182106018066406
174.76300048828125	131.86199951171875	23.40310287475586
33.152000427246094	167.88900756835938	13.199108123779297
84.03099822998047	82.12100219726563	26.707103729248047
37.750999450683594	66.66100311279297	18.90410614013672
83.53099822998047	22.402000427246094	24.473102569580078
49.22100067138672	20.700998306274414	21.469104766845703
79.85299682617188	223.0959930419922	14.828105926513672
128.32699584960938	13.607998847961426	19.17110824584961
7.448999881744385	80.35699462890625	20.829105377197266
62.711997985839844	89.65299987792969	18.7611083984375
52.1619987487793	124.46299743652344	12.496105194091797
72.33699798583984	113.23799896240234	19.64410400390625
29.910999298095703	64.18000030517578	20.766109466552734
25.10799789428711	34.12699890136719	12.85110855102539
123.21199035644531	104.29000091552734	23.550106048583984
204.56900024414063	170.09100341796875	10.581104278564453
159.7639923095703	85.94999694824219	18.826107025146484
107.17399597167969	60.354000091552734	28.293109893798828
229.16500854492188	4.072999954223633	18.302104949951172
226.2419891357422	217.21697998046875	11.169105529785156
56.75899887084961	152.19000244140625	17.533103942871094
92.95600128173828	134.12100219726563	25.547107696533203
202.07498168945313	15.251999855041504	17.98810577392578
27.049999237060547	223.781982421875	17.378101348876953
187.9669952392578	85.06400299072266	19.951107025146484
45.29800033569336	71.4280014038086	16.259105682373047
205.89999389648438	38.14899826049805	21.12610626220703
65.35399627685547	176.03799438476563	17.537105560302734
140.968994140625	136.99200439453125	22.469104766845703
106.60800170898438	105.96599578857422	22.905101776123047
111.46900177001953	58.46099853515625	26.759105682373047
33.80099868774414	124.99400329589844	13.498104095458984
160.09799194335938	102.02899932861328	16.49410629272461
92.12399291992188	168.36398315429688	25.051105499267578
209.23399353027344	145.65699768066406	15.136104583740234
174.61700439453125	79.14799499511719	20.578105926513672
125.70999908447266	169.81300354003906	26.368106842041016
77.73500061035156	193.95098876953125	16.757102966308594
182.52099609375	142.60198974609375	18.254104614257813
37.990997314453125	191.47698974609375	15.881107330322266
75.52999877929688	220.7530059814453	15.996105194091797
46.777000427246094	86.22499084472656	18.25110626220703
147.52000427246094	6.678999900817871	8.381107330322266
44.12099838256836	109.3479995727539	16.801105499267578
198.93699645996094	205.49200439453125	7.47210693359375
10.954999923706055	22.560001373291016	15.746105194091797
157.60899353027344	33.94099807739258	18.50210189819336
121.40299987792969	76.1520004272461	23.827106475830078
183.06399536132813	101.44499969482422	19.716106414794922
216.3979949951172	194.50100708007813	11.76010513305664
219.44898986816406	175.43600463867188	17.11910629272461
175.5369873046875	166.41500854492188	13.902103424072266
18.150999069213867	17.073999404907227	11.613101959228516
194.41900634765625	194.86700439453125	8.159107208251953
200.16400146484375	124.80899810791016	15.26510238647461
196.99200439453125	86.70800018310547	16.321102142333984
106.51599884033203	212.59799194335938	13.063102722167969
160.68299865722656	160.14999389648438	21.472103118896484
72.35900115966797	51.86000061035156	22.922100067138672
229.3579864501953	88.69200134277344	18.256103515625
182.69198608398438	11.170000076293945	11.220104217529297
68.57099914550781	126.15399169921875	16.23810577392578
67.30599975585938	144.7729949951172	17.35910415649414
71.88299560546875	46.54999542236328	23.888103485107422
60.51899719238281	13.793000221252441	25.15610122680664
169.03799438476563	200.86599731445313	11.063106536865234
140.48098754882813	7.625	9.186107635498047
12.944000244140625	104.1669921875	15.639106750488281
211.00399780273438	64.8239974975586	20.09610366821289
203.22299194335938	80.33900451660156	16.59610366821289
14.572999954223633	60.361000061035156	25.685108184814453
161.98098754882813	183.7139892578125	16.702106475830078
8.031999588012695	87.01799011230469	19.479106903076172
58.68000030517578	77.19400024414063	24.113101959228516
9.833000183105469	121.8699951171875	15.198104858398438
65.12899780273438	157.5469970703125	19.630104064941406
136.20199584960938	6.311999320983887	10.588104248046875
189.62599182128906	212.7969970703125	6.166107177734375
104.2719955444336	178.0909881591797	24.447101593017578
78.19200134277344	151.39700317382813	21.732105255126953
7.493000030517578	30.558998107910156	14.167106628417969
112.61199951171875	126.83799743652344	27.573108673095703
200.66299438476563	146.0749969482422	17.681102752685547
194.01699829101563	216.9169921875	4.457103729248047
38.54100036621094	112.83699798583984	16.59610366821289
143.77899169921875	59.207000732421875	24.310108184814453
150.3470001220703	197.4169921875	12.07510757446289
227.27099609375	140.53199768066406	11.962104797363281
193.7779998779297	75.84700012207031	21.04910659790039
35.79899978637695	57.80500030517578	14.492103576660156
22.007999420166016	73.72699737548828	18.732105255126953
82.20899963378906	40.55099868774414	22.612106323242188
56.33499526977539	-2.001999855041504	17.436107635498047
213.90499877929688	109.45599365234375	19.91010284423828
95.04399108886719	138.9929962158203	26.906108856201172
175.01498413085938	148.7659912109375	17.99710464477539
143.7939910888672	1.5230000019073486	8.155105590820313
65.56299591064453	57.597999572753906	19.01010513305664
195.614990234375	27.687999725341797	19.918106079101563
191.31300354003906	200.81698608398438	9.766101837158203
201.44100952148438	210.35299682617188	9.916107177734375
191.1199951171875	147.00299072265625	20.037105560302734
45.47199630737305	22.17599868774414	17.86910629272461
198.78799438476563	54.52699661254883	20.345104217529297
148.13900756835938	196.51199340820313	16.715103149414063
7.186999797821045	124.97200012207031	12.261104583740234
121.58699798583984	134.80999755859375	26.15810775756836
116.18599700927734	70.48499298095703	27.03310775756836
132.802001953125	135.47499084472656	23.668102264404297
136.57899475097656	178.86900329589844	22.194107055664063
16.694000244140625	218.86900329589844	16.60910415649414
164.4879913330078	175.968994140625	16.741107940673828
116.51199340820313	16.380998611450195	20.93010711669922
156.14199829101563	128.05499267578125	15.201103210449219
153.59698486328125	230.7729949951172	6.046108245849609
23.29199981689453	162.5810089111328	9.703105926513672
49.34199905395508	4.917999744415283	17.36810302734375
201.41497802734375	132.458984375	18.01010513305664
135.28298950195313	202.8330078125	13.970104217529297
211.41600036621094	54.93799591064453	18.085105895996094
139.81700134277344	69.79299926757813	22.58910369873047
11.297999382019043	186.57098388671875	12.956104278564453
211.47900390625	75.1989974975586	17.285106658935547
146.97499084472656	145.65798950195313	24.79110336303711
147.2659912109375	208.79098510742188	9.473106384277344
178.00599670410156	19.779998779296875	18.4071044921875
137.47299194335938	224.5989990234375	7.729106903076172
196.8809814453125	11.050000190734863	10.78610610961914
148.87899780273438	108.864990234375	13.082103729248047
158.23699951171875	107.38200378417969	9.05710220336914
84.1719970703125	92.26799774169922	25.155109405517578
47.57999801635742	225.04400634765625	14.24710464477539
59.82899475097656	47.92499923706055	16.51910400390625
162.2080078125	201.61199951171875	10.89010238647461
207.95799255371094	126.32499694824219	14.531105041503906
113.78399658203125	4.229999542236328	14.962108612060547
174.00399780273438	37.88800048828125	20.59710693359375
91.26699829101563	163.55599975585938	24.060100555419922
95.51799774169922	28.283998489379883	23.282108306884766
109.94599151611328	36.38999938964844	28.13510513305664
152.06500244140625	50.7859992980957	20.649105072021484
103.87999725341797	26.852998733520508	22.88510513305664
162.0919952392578	131.83599853515625	14.84310531616211
129.06298828125	198.8489990234375	16.066104888916016
74.65699768066406	35.869998931884766	21.92510223388672
131.43399047851563	206.73399353027344	11.073104858398438
90.53599548339844	44.45800018310547	24.662105560302734
159.8939971923828	79.88400268554688	16.103107452392578
144.5260009765625	111.39899444580078	14.529106140136719
81.83699798583984	59.183998107910156	26.89010238647461
164.2039794921875	34.13699722290039	18.165103912353516
72.79999542236328	10.673999786376953	23.84610366821289
169.364990234375	60.573997497558594	21.8861083984375
70.10900115966797	181.57400512695313	15.261104583740234
107.16200256347656	14.541998863220215	23.671100616455078
196.73300170898438	200.60299682617188	8.691108703613281
12.422999382019043	18.055999755859375	12.797103881835938
230.59298706054688	197.62498474121094	11.59610366821289
198.53500366210938	69.24099731445313	21.534107208251953
164.81100463867188	148.9290008544922	16.345108032226563
115.3800048828125	30.593997955322266	25.350101470947266
116.83699798583984	108.47899627685547	22.806110382080078
146.27699279785156	79.35700225830078	17.668106079101563
204.52699279785156	196.63099670410156	8.960105895996094
131.218994140625	37.84000015258789	24.900104522705078
212.33200073242188	147.802001953125	10.501106262207031
226.21798706054688	160.0469970703125	12.572105407714844
184.09300231933594	196.23699951171875	8.520103454589844
192.7899932861328	13.913000106811523	12.651107788085938
14.693999290466309	190.88198852539063	12.571109771728516
76.0530014038086	213.60699462890625	12.490108489990234
75.92399597167969	130.9639892578125	18.297107696533203
63.37699890136719	52.20500183105469	17.816104888916016
60.253997802734375	32.10300064086914	20.013103485107422
149.51199340820313	12.14799976348877	13.944103240966797
180.385986328125	169.15199279785156	15.517101287841797
20.722000122070313	166.76300048828125	9.222103118896484
174.09300231933594	2.253000020980835	6.461109161376953
91.32200622558594	76.51000213623047	25.373104095458984
74.8179931640625	141.62399291992188	20.473106384277344
32.617000579833984	213.8389892578125	18.634105682373047
70.14700317382813	101.40199279785156	19.009105682373047
63.6510009765625	225.135986328125	14.537105560302734
12.565999984741211	224.72799682617188	11.298107147216797
166.45700073242188	17.626998901367188	12.54910659790039
96.32699584960938	-4.982999801635742	15.689102172851563
148.40798950195313	39.97100067138672	21.129104614257813
49.71799850463867	51.90899658203125	14.42110824584961
166.80499267578125	80.3219985961914	16.698104858398438
220.3599853515625	225.72898864746094	11.45510482788086
19.003999710083008	202.56500244140625	8.881103515625
56.050994873046875	82.83000183105469	18.6571044921875
129.57899475097656	64.99600219726563	25.794109344482422
83.85899353027344	52.995994567871094	30.301105499267578
84.88099670410156	215.69700622558594	13.409107208251953
63.69300079345703	153.5989990234375	15.83010482788086
116.93499755859375	79.88299560546875	26.017108917236328
124.41999816894531	29.70800018310547	24.285106658935547
87.3689956665039	220.36898803710938	16.78310775756836
14.482000350952148	10.404000282287598	14.902107238769531
141.11700439453125	43.69999694824219	23.58010482788086
55.404998779296875	153.97500610351563	11.816108703613281
113.43899536132813	146.6129913330078	25.57010269165039
8.609000205993652	207.3249969482422	11.068107604980469
135.16299438476563	77.75799560546875	22.136104583740234
117.80699920654297	203.6949920654297	11.42410659790039
87.33599853515625	173.1169891357422	21.591106414794922
57.95199966430664	53.1719970703125	15.797107696533203
183.0699920654297	213.7989959716797	1.4221076965332031
77.48899841308594	113.13300323486328	21.429107666015625
40.5359992980957	150.47898864746094	10.301105499267578
39.89399719238281	76.53499603271484	19.465106964111328
20.54199981689453	63.06699752807617	21.09310531616211
211.12098693847656	4.97599983215332	9.087108612060547
139.62599182128906	76.18399810791016	19.142105102539063
32.676998138427734	174.3330078125	13.985107421875
39.202999114990234	130.46499633789063	11.999103546142578
93.84200286865234	73.27799987792969	29.374103546142578
81.57500457763672	46.9119987487793	23.690105438232422
136.3699951171875	16.809999465942383	17.13910675048828
161.56298828125	120.84199523925781	12.73110580444336
225.67999267578125	105.04199981689453	21.940105438232422
148.42898559570313	175.7869873046875	20.978103637695313
99.80899810791016	186.3990020751953	19.49810791015625
189.84498596191406	107.09700012207031	15.665103912353516
67.93299865722656	49.63999938964844	15.67010498046875
213.19598388671875	188.67098999023438	12.384105682373047
173.3040008544922	197.8990020751953	8.431106567382813
211.50999450683594	18.601999282836914	15.67010498046875
105.36199951171875	2.5909998416900635	15.272106170654297
220.57899475097656	210.51898193359375	13.345104217529297
31.851999282836914	199.4969940185547	14.88510513305664
178.17498779296875	6.500999927520752	5.930107116699219
95.25	99.34500122070313	26.324108123779297
176.9619903564453	71.18199920654297	22.56110382080078
61.24700164794922	220.4530029296875	13.72210693359375
205.427001953125	175.72799682617188	10.667106628417969
41.12199783325195	63.78099822998047	16.117107391357422
9.282999992370605	195.5699920654297	12.652103424072266
150.625	227.42300415039063	8.254104614257813
9.130000114440918	38.25199890136719	19.225101470947266
77.87999725341797	120.572998046875	19.58710479736328
43.28199768066406	128.0139923095703	12.934104919433594
206.77398681640625	109.01000213623047	13.724105834960938
231.04098510742188	206.54100036621094	10.438106536865234
209.9659881591797	162.8990020751953	11.626106262207031
141.54798889160156	189.27099609375	21.52010726928711
134.66900634765625	55.85499572753906	25.498104095458984
174.05599975585938	223.802001953125	8.06210708618164
32.06399917602539	142.2239990234375	9.204105377197266
143.15699768066406	176.32798767089844	20.578105926513672
158.5	133.09298706054688	18.705108642578125
22.086999893188477	156.30499267578125	7.178104400634766
152.26499938964844	220.2689971923828	3.7801055908203125
217.052001953125	141.4429931640625	15.588104248046875
157.61000061035156	214.33799743652344	6.92010498046875
136.0260009765625	46.98299789428711	24.467105865478516
97.84699249267578	40.159996032714844	24.263111114501953
1.5429998636245728	159.47799682617188	12.21810531616211
183.36599731445313	155.21600341796875	16.598106384277344
226.0279998779297	112.86399841308594	16.980106353759766
110.46199798583984	217.3489990234375	13.531105041503906
55.492000579833984	95.3800048828125	16.29110336303711
158.08999633789063	223.20999145507813	6.354106903076172
148.3249969482422	30.327999114990234	18.90410614013672
3.2170000076293945	71.7760009765625	24.16610336303711
83.7020034790039	143.24899291992188	23.48110580444336
188.10899353027344	160.38900756835938	16.469104766845703
21.125	128.22999572753906	12.264106750488281
219.61599731445313	179.41799926757813	13.59310531616211
44.13600158691406	118.41099548339844	15.287105560302734
149.03199768066406	213.28997802734375	7.615104675292969
235.15699768066406	35.2339973449707	15.93710708618164
49.30999755859375	76.33000183105469	17.436107635498047
164.27099609375	113.25599670410156	12.902103424072266
194.10699462890625	48.8129997253418	16.210105895996094
87.05000305175781	190.82199096679688	15.236103057861328
181.61599731445313	136.75599670410156	19.297107696533203
161.71400451660156	67.23099517822266	21.00710678100586
144.43800354003906	218.5369873046875	6.050106048583984
80.53500366210938	85.00599670410156	23.21810531616211
88.906005859375	225.31298828125	15.704105377197266
80.15899658203125	163.0360107421875	20.383106231689453
114.09699249267578	141.6929931640625	28.269107818603516
18.520999908447266	98.23100280761719	20.018108367919922
167.54998779296875	133.74400329589844	16.433109283447266
87.03399658203125	134.55299377441406	22.766101837158203
147.4409942626953	71.73799896240234	19.745105743408203
