X	Y	Z
24.76300048828125	67.57499694824219	16.281105041503906
174.5050048828125	24.66899871826172	21.651103973388672
69.30299377441406	103.53900146484375	24.795108795166016
154.5500030517578	80.19100189208984	16.809101104736328
97.28300476074219	136.62899780273438	22.022106170654297
159.39898681640625	62.412994384765625	20.57410430908203
62.667999267578125	122.73599243164063	19.79610824584961
86.1520004272461	45.69900131225586	18.16710662841797
146.95799255371094	97.62999725341797	11.439105987548828
117.5260009765625	213.15798950195313	6.033107757568359
199.23001098632813	112.92298889160156	23.943103790283203
134.4290008544922	77.51699829101563	21.710105895996094
77.40899658203125	30.860000610351563	7.575103759765625
206.17300415039063	11.617000579833984	23.197101593017578
8.012999534606934	212.98699951171875	27.058109283447266
29.15999984741211	222.5659942626953	15.589107513427734
214.61300659179688	116.24800109863281	22.22510528564453
17.320999145507813	141.60299682617188	22.127105712890625
228.531982421875	229.5989990234375	24.516109466552734
1.1899999380111694	99.468994140625	16.529102325439453
170.3369903564453	13.890999794006348	17.18610382080078
159.96400451660156	34.72999954223633	21.035106658935547
77.77299499511719	67.20899963378906	20.75310516357422
110.73799896240234	169.0959930419922	17.54510498046875
13.960999488830566	220.45599365234375	24.227108001708984
228.197998046875	62.19199752807617	14.883106231689453
29.78299903869629	65.84099578857422	14.491107940673828
62.5629997253418	56.608001708984375	16.893108367919922
24.538000106811523	84.27799987792969	20.388103485107422
34.51300048828125	106.38899993896484	17.868106842041016
150.8679962158203	24.803998947143555	20.202106475830078
32.240997314453125	9.98900032043457	11.100101470947266
211.30599975585938	87.56199645996094	16.096107482910156
97.62399291992188	78.01399993896484	23.383106231689453
193.4969940185547	198.67698669433594	27.511104583740234
108.8949966430664	28.17999839782715	15.774105072021484
64.45800018310547	182.29598999023438	14.562103271484375
51.224998474121094	210.07699584960938	12.245105743408203
83.20499420166016	84.68699645996094	22.495105743408203
133.92098999023438	150.406005859375	18.809104919433594
48.444000244140625	24.94999885559082	6.975105285644531
9.79800033569336	52.520999908447266	15.745105743408203
123.71199798583984	139.4949951171875	21.283103942871094
78.25	180.89300537109375	18.94610595703125
31.26799774169922	121.15899658203125	20.26910400390625
105.77899932861328	50.28499984741211	20.37610626220703
107.16499328613281	161.52499389648438	21.043106079101563
202.0679931640625	202.4250030517578	28.762104034423828
81.05599212646484	48.25199890136719	15.242107391357422
15.65999984741211	162.40699768066406	21.428104400634766
165.14700317382813	205.50399780273438	15.660106658935547
34.67499923706055	99.3479995727539	15.065105438232422
13.710999488830566	5.085000038146973	18.706104278564453
204.26100158691406	185.48599243164063	27.724109649658203
121.79999542236328	161.57998657226563	19.155101776123047
201.6699981689453	148.08200073242188	25.959110260009766
224.95599365234375	140.5349884033203	22.735107421875
218.61900329589844	53.79199981689453	14.249107360839844
162.0970001220703	182.49099731445313	18.77310562133789
168.77999877929688	39.5369987487793	23.382099151611328
61.279998779296875	174.11898803710938	15.965106964111328
77.51399993896484	151.14599609375	18.024105072021484
113.41400146484375	55.61800003051758	22.97610855102539
122.95199584960938	29.589000701904297	15.965106964111328
158.96099853515625	142.20599365234375	22.873104095458984
37.104000091552734	68.52099609375	20.727108001708984
35.8859977722168	61.44499969482422	15.715106964111328
20.685001373291016	187.4429931640625	18.216106414794922
4.558000087738037	78.53699493408203	16.44610595703125
71.43399810791016	73.55000305175781	22.58910369873047
85.10199737548828	221.89898681640625	5.834102630615234
20.894001007080078	20.6299991607666	14.585105895996094
209.16000366210938	41.902000427246094	22.02310562133789
94.65599822998047	159.43399047851563	20.438106536865234
48.98200225830078	78.86799621582031	15.89410400390625
88.90999603271484	109.98999786376953	27.60910415649414
8.779000282287598	132.5050048828125	23.60910415649414
8.52400016784668	102.95100402832031	19.184104919433594
104.343994140625	102.41199493408203	21.021106719970703
91.16600036621094	200.11700439453125	9.608104705810547
181.9499969482422	83.8290023803711	19.092105865478516
132.5679931640625	35.29399871826172	14.877105712890625
189.92300415039063	49.064998626708984	19.268104553222656
189.2039794921875	159.5699920654297	25.565105438232422
10.303998947143555	180.06698608398438	23.004108428955078
46.65999984741211	177.11500549316406	15.386104583740234
57.638999938964844	189.95498657226563	13.794105529785156
138.90899658203125	6.444999694824219	13.774105072021484
167.02899169921875	53.547996520996094	23.66110610961914
46.016998291015625	115.46599578857422	18.44910430908203
150.739990234375	39.25400161743164	19.96910858154297
58.6870002746582	136.75599670410156	18.560108184814453
189.63198852539063	145.39700317382813	22.964107513427734
193.73899841308594	78.33200073242188	14.60910415649414
184.08099365234375	8.555000305175781	17.667102813720703
133.55899047851563	26.338001251220703	15.508106231689453
129.86099243164063	40.867000579833984	18.638107299804688
98.75899505615234	40.790000915527344	18.868106842041016
160.9029998779297	193.89700317382813	16.340106964111328
56.94099807739258	96.4419937133789	19.801105499267578
72.83899688720703	162.6280059814453	15.964103698730469
41.696998596191406	96.04100036621094	18.697105407714844
202.92298889160156	28.227998733520508	20.905105590820313
81.86199951171875	160.4459991455078	20.922103881835938
164.61300659179688	186.25900268554688	17.224102020263672
164.2869873046875	26.354999542236328	22.781108856201172
122.49400329589844	78.37100219726563	19.12710189819336
41.819000244140625	191.11599731445313	14.925106048583984
221.3909912109375	200.1619873046875	24.42410659790039
25.756999969482422	176.0659942626953	18.720104217529297
215.23300170898438	109.21199798583984	19.465106964111328
13.420000076293945	43.71900177001953	15.324104309082031
233.09201049804688	19.62299919128418	20.542102813720703
54.5109977722168	66.99299621582031	17.419105529785156
93.02100372314453	141.44898986816406	23.842105865478516
128.60800170898438	179.55499267578125	15.581104278564453
21.086999893188477	218.9449920654297	20.303104400634766
158.2919921875	224.49600219726563	14.987102508544922
166.21499633789063	113.31099700927734	18.73410415649414
67.73999786376953	168.7629852294922	18.307106018066406
218.6389923095703	226.875	22.764102935791016
32.95199966430664	79.75599670410156	19.43610382080078
228.3300018310547	206.49000549316406	23.141101837158203
56.538002014160156	218.30099487304688	11.047107696533203
224.01199340820313	106.36299896240234	17.090103149414063
35.37699890136719	42.49599838256836	11.720104217529297
115.91099548339844	112.94499206542969	21.753101348876953
57.35199737548828	131.80499267578125	18.611103057861328
101.71099853515625	97.50299072265625	20.263107299804688
191.60299682617188	223.88099670410156	18.926105499267578
37.632999420166016	211.37698364257813	14.594104766845703
121.34700012207031	87.17899322509766	19.893104553222656
157.0709991455078	216.2310028076172	13.506103515625
73.59500122070313	28.213001251220703	5.947105407714844
207.15399169921875	72.08899688720703	13.556106567382813
92.15798950195313	219.01699829101563	7.510105133056641
228.5780029296875	46.60900115966797	15.38510513305664
67.9530029296875	69.91099548339844	18.444107055664063
164.23599243164063	133.0019989013672	20.410106658935547
58.61399841308594	58.5359992980957	18.335105895996094
202.52699279785156	126.60399627685547	20.59610366821289
164.68299865722656	70.41400146484375	21.56110382080078
71.76899719238281	95.66199493408203	25.332103729248047
35.35099792480469	203.51400756835938	13.686107635498047
27.516998291015625	95.20099639892578	16.430103302001953
169.625	174.35198974609375	21.172107696533203
45.618995666503906	49.104000091552734	13.152103424072266
50.847999572753906	117.69799041748047	18.58710479736328
199.30099487304688	152.7220001220703	26.094104766845703
202.42098999023438	163.77500915527344	29.013103485107422
98.58599853515625	110.96699523925781	23.750110626220703
24.95199966430664	141.50799560546875	18.845108032226563
170.89999389648438	115.49999237060547	17.74010467529297
23.996000289916992	39.551998138427734	12.724105834960938
4.88700008392334	25.214998245239258	17.748104095458984
14.881999969482422	101.02799224853516	21.039104461669922
36.060997009277344	191.77000427246094	14.302108764648438
160.88800048828125	45.20100021362305	23.30410385131836
36.23699951171875	171.4119873046875	15.21810531616211
113.77299499511719	71.50599670410156	19.590103149414063
171.02899169921875	95.20799255371094	15.97210693359375
178.45199584960938	173.9929962158203	24.008106231689453
126.11399841308594	152.81500244140625	19.673107147216797
50.3849983215332	131.32199096679688	15.354106903076172
210.15899658203125	80.1969985961914	15.04910659790039
29.522998809814453	126.44099426269531	21.052104949951172
61.42900085449219	13.931999206542969	8.671104431152344
14.420999526977539	38.32500076293945	13.418102264404297
120.35099792480469	153.7939910888672	19.83710479736328
45.362998962402344	64.39399719238281	15.607105255126953
212.99798583984375	139.00399780273438	26.35110855102539
41.538997650146484	82.26399230957031	17.548107147216797
135.3769989013672	126.64199829101563	18.934104919433594
145.6739959716797	197.5659942626953	11.31210708618164
207.40499877929688	141.3679962158203	22.904109954833984
204.83200073242188	91.60699462890625	19.164104461669922
90.41600036621094	167.33999633789063	20.13510513305664
121.87799072265625	145.22000122070313	21.52010726928711
217.42300415039063	192.61099243164063	30.199108123779297
202.7449951171875	213.86900329589844	24.651103973388672
141.5709991455078	150.90699768066406	19.944107055664063
76.13400268554688	76.41600036621094	22.608104705810547
226.99098205566406	212.29098510742188	21.706104278564453
40.383995056152344	26.121999740600586	5.715106964111328
155.03900146484375	183.614990234375	14.595104217529297
73.43799591064453	56.01599884033203	20.909107208251953
214.74899291992188	7.979999542236328	23.129108428955078
110.60699462890625	221.71400451660156	6.346103668212891
33.81199645996094	35.30299758911133	8.511104583740234
225.73500061035156	171.43600463867188	28.892101287841797
69.52899932861328	64.62799835205078	19.008106231689453
144.15199279785156	143.08499145507813	19.09710693359375
53.63100051879883	29.996997833251953	13.334102630615234
5.701999664306641	91.14299774169922	18.256103515625
150.52899169921875	205.0260009765625	8.203105926513672
60.060997009277344	149.94200134277344	16.04510498046875
55.0989990234375	181.8929901123047	14.723106384277344
110.40399169921875	5.841999530792236	10.034107208251953
224.4219970703125	27.17099952697754	17.925106048583984
31.90999984741211	51.8120002746582	12.25210189819336
65.48999786376953	125.66899108886719	24.410106658935547
160.11798095703125	185.10598754882813	14.407108306884766
113.88400268554688	88.00499725341797	19.75110626220703
214.2039794921875	169.06500244140625	27.32509994506836
6.614999771118164	194.18800354003906	24.740108489990234
3.8470001220703125	32.882999420166016	16.803104400634766
185.25299072265625	31.380998611450195	17.76910400390625
108.46299743652344	121.81900024414063	22.517105102539063
10.947999954223633	80.88600158691406	16.614105224609375
67.63899993896484	77.76799774169922	18.87610626220703
205.95599365234375	76.93499755859375	15.982105255126953
208.7629852294922	111.15299987792969	18.28310775756836
50.946998596191406	8.47599983215332	10.42110824584961
43.72600173950195	59.04499816894531	14.115108489990234
128.0919952392578	199.17401123046875	11.171104431152344
132.2139892578125	103.33399963378906	19.517105102539063
70.90799713134766	143.78399658203125	20.787105560302734
12.948999404907227	127.27899169921875	20.92410659790039
165.56500244140625	5.392000198364258	16.127105712890625
180.88198852539063	114.30299377441406	16.351104736328125
109.45399475097656	143.6009979248047	21.246105194091797
148.92698669433594	155.81199645996094	18.114105224609375
118.4439926147461	71.43299865722656	21.354106903076172
212.98199462890625	215.5850067138672	24.784107208251953
165.56900024414063	10.85099983215332	16.659103393554688
3.2139997482299805	195.8939971923828	28.212108612060547
43.51499938964844	197.5959930419922	12.224102020263672
127.07699584960938	52.26499938964844	23.582111358642578
147.33999633789063	130.53099060058594	17.618106842041016
106.9020004272461	186.19798278808594	13.129108428955078
46.25	13.682999610900879	9.5321044921875
70.84300231933594	136.31199645996094	22.14410400390625
68.04800415039063	161.12998962402344	16.2611083984375
146.4639892578125	78.16099548339844	17.865108489990234
186.33200073242188	163.802001953125	26.571102142333984
30.016998291015625	87.18299865722656	18.470104217529297
213.802978515625	17.075000762939453	24.178104400634766
0.1850000023841858	156.72299194335938	26.749103546142578
22.174999237060547	135.41799926757813	20.892108917236328
209.52899169921875	123.4169921875	23.180103302001953
113.54899597167969	104.53700256347656	22.95510482788086
53.301998138427734	53.369998931884766	14.894107818603516
205.86398315429688	32.66299819946289	21.207103729248047
35.784000396728516	93.447998046875	16.711101531982422
195.7740020751953	5.073999881744385	20.875102996826172
120.70599365234375	40.292999267578125	20.478107452392578
67.9990005493164	139.47900390625	18.84210205078125
189.02499389648438	208.69097900390625	25.11410140991211
230.36599731445313	95.08999633789063	18.76510238647461
200.74298095703125	89.18600463867188	18.547107696533203
88.302001953125	80.62199401855469	23.202106475830078
58.064998626708984	118.91799926757813	17.12210464477539
95.43299865722656	118.4439926147461	25.591106414794922
208.54901123046875	207.4829864501953	27.178104400634766
141.31100463867188	108.73899841308594	17.487102508544922
177.03900146484375	122.56999969482422	18.98910903930664
18.586999893188477	177.85400390625	20.04910659790039
160.95999145507813	91.81300354003906	13.605106353759766
118.6469955444336	50.09599685668945	21.255104064941406
5.2739996910095215	4.48199987411499	21.194107055664063
178.41998291015625	191.75	22.36810302734375
22.735000610351563	196.09600830078125	15.134105682373047
189.2429962158203	81.45500183105469	21.495105743408203
61.632999420166016	144.5679931640625	19.442108154296875
98.83699035644531	13.902998924255371	10.642105102539063
87.82899475097656	66.0739974975586	28.49710464477539
26.408000946044922	147.8280029296875	16.11910629272461
99.20399475097656	223.5709991455078	6.106105804443359
157.35398864746094	208.0360107421875	13.570106506347656
135.53599548339844	2.9659998416900635	9.204105377197266
193.85000610351563	182.76300048828125	26.686100006103516
222.72499084472656	181.49900817871094	29.506107330322266
210.75799560546875	179.06399536132813	29.043102264404297
60.01100158691406	99.07799530029297	22.745105743408203
213.02700805664063	191.35398864746094	32.48210525512695
148.052001953125	10.009000778198242	20.291107177734375
60.822998046875	199.36399841308594	9.904106140136719
102.95800018310547	178.19598388671875	11.429107666015625
178.5159912109375	183.3000030517578	23.85110855102539
202.99200439453125	59.78199768066406	16.801105499267578
230.04998779296875	55.22699737548828	17.10210418701172
196.82998657226563	131.67100524902344	24.371105194091797
183.31900024414063	88.00099182128906	15.893104553222656
104.91099548339844	214.3409881591797	7.709102630615234
19.17099952697754	15.058000564575195	13.483104705810547
136.7449951171875	72.33100128173828	23.277103424072266
88.95699310302734	192.93899536132813	14.754108428955078
140.34300231933594	12.11299991607666	16.336105346679688
59.847999572753906	74.5989990234375	17.528106689453125
94.197998046875	182.4110107421875	19.5321044921875
121.67399597167969	220.75399780273438	8.64510726928711
174.2919921875	5.6489996910095215	16.70810317993164
88.3280029296875	179.05999755859375	20.86510467529297
96.50299835205078	183.2969970703125	15.098106384277344
107.04399871826172	76.30699920654297	23.56710433959961
89.16400146484375	137.3939971923828	26.730106353759766
142.8459930419922	27.04399871826172	19.514102935791016
27.019001007080078	2.804999828338623	15.669105529785156
217.55499267578125	157.4739990234375	25.99710464477539
184.36099243164063	106.32699584960938	19.430103302001953
140.5909881591797	160.94598388671875	15.012104034423828
115.08599090576172	171.0649871826172	15.216106414794922
211.7239990234375	64.2229995727539	15.74810791015625
205.07798767089844	192.81399536132813	29.030109405517578
43.58799743652344	210.20599365234375	11.421104431152344
80.16099548339844	90.16399383544922	23.952106475830078
94.72099304199219	150.36399841308594	23.884105682373047
74.625	81.85699462890625	21.14110565185547
202.27699279785156	229.114990234375	24.289104461669922
16.792999267578125	32.356998443603516	14.923107147216797
129.5609893798828	191.7989959716797	14.17410659790039
55.70699691772461	203.03199768066406	11.757102966308594
45.468997955322266	171.22598266601563	15.685108184814453
185.20700073242188	203.06597900390625	19.668102264404297
39.89799880981445	41.185997009277344	10.293102264404297
63.141998291015625	28.493000030517578	7.221103668212891
31.17099952697754	56.782997131347656	14.228107452392578
85.71800231933594	90.03399658203125	21.653106689453125
203.94998168945313	20.743999481201172	22.995105743408203
221.70899963378906	92.94599914550781	21.42010498046875
128.3040008544922	174.8040008544922	13.894107818603516
23.248998641967773	103.23600006103516	19.72110366821289
140.64698791503906	17.970998764038086	15.928104400634766
17.113000869750977	57.53900146484375	16.82510757446289
76.90499877929688	6.066999912261963	10.329105377197266
125.04399108886719	34.37099838256836	18.24010467529297
183.60198974609375	186.3389892578125	26.232105255126953
142.760986328125	58.74300003051758	22.702106475830078
95.114990234375	132.15199279785156	24.534107208251953
26.099998474121094	108.53900146484375	21.750102996826172
150.0679931640625	32.14699935913086	18.504108428955078
100.99299621582031	142.69400024414063	24.331104278564453
220.17898559570313	118.80099487304688	19.072105407714844
174.31597900390625	179.94998168945313	21.340106964111328
67.66699981689453	93.2509994506836	23.28310775756836
218.09201049804688	44.90399932861328	17.611103057861328
152.25498962402344	216.4429931640625	13.024105072021484
85.01699829101563	151.81100463867188	23.703105926513672
147.80099487304688	66.64399719238281	20.12810516357422
31.534997940063477	135.8470001220703	18.329105377197266
176.7039794921875	91.03499603271484	14.940105438232422
94.08399963378906	37.80500030517578	18.01610565185547
219.54100036621094	166.51300048828125	27.38510513305664
198.40499877929688	180.6379852294922	28.94210433959961
218.51499938964844	113.23399353027344	18.47110366821289
150.28399658203125	125.61799621582031	17.591106414794922
213.01898193359375	163.0760040283203	27.074108123779297
155.96800231933594	90.9429931640625	14.680107116699219
96.33899688720703	188.25698852539063	13.276107788085938
181.8820037841797	132.177001953125	21.465103149414063
132.8389892578125	140.84300231933594	20.502105712890625
84.24099731445313	186.3159942626953	18.936107635498047
222.31100463867188	219.072998046875	25.766101837158203
126.93000030517578	76.16799926757813	18.713104248046875
40.861000061035156	30.18600082397461	9.225101470947266
202.07598876953125	170.9409942626953	28.420108795166016
4.720999717712402	16.071998596191406	17.345104217529297
64.35800170898438	-1.628999948501587	8.46810531616211
192.01199340820313	140.33299255371094	23.909107208251953
99.52300262451172	151.13099670410156	25.277103424072266
111.40899658203125	150.69500732421875	25.71810531616211
199.2109832763672	42.43299865722656	18.56710433959961
173.7329864501953	138.38699340820313	19.19210433959961
107.47799682617188	205.0419921875	9.366104125976563
15.327999114990234	82.22999572753906	23.175106048583984
53.87799835205078	3.4539999961853027	11.752105712890625
43.9370002746582	20.270000457763672	7.824104309082031
217.05099487304688	95.8489990234375	17.381107330322266
112.84199523925781	210.7939910888672	6.957103729248047
17.4060001373291	110.13299560546875	22.31810760498047
220.4409942626953	33.124000549316406	21.838104248046875
84.92900085449219	205.54498291015625	9.566104888916016
140.81900024414063	138.28500366210938	18.451107025146484
82.74000549316406	28.65399932861328	8.987102508544922
181.56900024414063	195.5399932861328	20.19910430908203
115.13499450683594	199.760986328125	14.172107696533203
149.50999450683594	211.4199981689453	12.485103607177734
56.42499923706055	12.623998641967773	8.862106323242188
63.72599792480469	212.2869873046875	5.789104461669922
98.27499389648438	165.82199096679688	21.26010513305664
84.15999603271484	156.96099853515625	25.168109893798828
119.55799865722656	113.93399047851563	17.848106384277344
216.71798706054688	146.9199981689453	23.552104949951172
53.56399917602539	169.41200256347656	16.737106323242188
31.23299789428711	200.0599822998047	14.506103515625
196.15200805664063	221.68899536132813	20.77910614013672
83.63899993896484	106.4419937133789	25.066104888916016
155.25900268554688	169.531005859375	17.871105194091797
117.20899963378906	36.99399948120117	20.509105682373047
103.18099975585938	129.4499969482422	21.51910400390625
30.212997436523438	217.78099060058594	16.310108184814453
51.852996826171875	154.17298889160156	17.309104919433594
77.82599639892578	123.29399871826172	28.266101837158203
132.08599853515625	159.23899841308594	17.999107360839844
44.93400192260742	168.11099243164063	11.784107208251953
219.9099884033203	87.10899353027344	20.032108306884766
132.4080047607422	18.75899887084961	15.603107452392578
185.6639862060547	21.125	20.27310562133789
72.54399871826172	171.53500366210938	18.58010482788086
232.26499938964844	112.84400177001953	22.31810760498047
88.57699584960938	203.92999267578125	5.934108734130859
201.697998046875	85.13500213623047	15.340106964111328
226.69400024414063	99.11799621582031	17.70510482788086
185.3179931640625	135.9550018310547	22.310108184814453
231.36000061035156	183.73800659179688	29.17410659790039
182.8820037841797	95.39498901367188	21.094104766845703
177.14898681640625	68.2979965209961	16.796104431152344
102.31800079345703	31.77199935913086	16.146102905273438
230.23898315429688	132.7419891357422	20.21210479736328
101.76100158691406	158.86599731445313	22.352108001708984
109.14498901367188	129.85499572753906	23.558101654052734
3.545999765396118	142.5279998779297	20.827106475830078
226.50900268554688	152.40599060058594	24.889102935791016
70.26899719238281	49.16899871826172	18.156105041503906
106.83200073242188	16.036998748779297	8.854106903076172
15.394000053405762	210.15798950195313	18.32110595703125
210.84999084472656	36.612998962402344	22.865108489990234
91.75899505615234	50.75	23.86410140991211
134.7689971923828	49.220001220703125	21.642105102539063
216.54400634765625	129.9980010986328	23.207103729248047
181.98500061035156	52.84400177001953	18.01010513305664
199.4669952392578	207.2209930419922	28.81210708618164
59.909996032714844	86.49600219726563	20.587108612060547
26.94499969482422	180.78799438476563	18.022106170654297
165.97900390625	152.90798950195313	21.525104522705078
126.41999053955078	71.70199584960938	22.646106719970703
14.48799991607666	70.9169921875	16.867107391357422
22.084999084472656	11.142999649047852	12.636104583740234
186.85899353027344	151.833984375	26.19210433959961
154.5749969482422	132.822998046875	21.22210693359375
4.197999954223633	125.60699462890625	22.993106842041016
224.52598571777344	195.14700317382813	31.110311521606448
47.68499755859375	87.44699096679688	17.945106506347656
103.1510009765625	198.11898803710938	13.897106170654297
132.614990234375	164.27200317382813	13.222103118896484
131.86399841308594	60.13099670410156	24.143108367919922
153.90599060058594	16.285999298095703	22.73410415649414
79.29399871826172	41.03900146484375	12.478107452392578
22.082998275756836	90.06099700927734	22.4801025390625
228.08599853515625	11.891000747680664	21.252105712890625
119.64599609375	171.4320068359375	17.92010498046875
104.10499572753906	3.9089999198913574	5.080104827880859
192.67198181152344	29.48200035095215	20.109107971191406
194.21798706054688	121.48399353027344	24.034107208251953
111.50699615478516	23.35700035095215	14.300106048583984
17.81399917602539	149.04400634765625	17.890106201171875
80.12800598144531	229.39801025390625	4.827106475830078
190.53199768066406	175.57899475097656	33.49731160552979
68.26599884033203	9.628999710083008	8.149105072021484
115.7969970703125	223.3179931640625	6.2801055908203125
195.00900268554688	103.95999908447266	19.269107818603516
12.847999572753906	119.16899871826172	23.491100311279297
188.8929901123047	200.21798706054688	21.706104278564453
76.60399627685547	48.64399719238281	17.944103240966797
116.71199798583984	133.00799560546875	24.39810562133789
21.36699867248535	3.443000078201294	15.73110580444336
6.611999988555908	207.30899047851563	21.460105895996094
28.295000076293945	40.727996826171875	14.835105895996094
23.429000854492188	121.56600189208984	23.792102813720703
31.933998107910156	141.08700561523438	16.62710189819336
83.30299377441406	101.20800018310547	26.056102752685547
191.42098999023438	1.8239998817443848	20.526103973388672
104.4530029296875	71.94599914550781	22.865108489990234
171.14700317382813	123.97698974609375	19.043102264404297
11.465999603271484	10.730999946594238	17.649105072021484
141.25599670410156	222.55499267578125	10.992103576660156
24.027997970581055	53.35199737548828	14.226104736328125
183.21998596191406	36.8849983215332	23.139102935791016
114.5479965209961	77.5989990234375	19.01910400390625
226.31898498535156	125.89599609375	21.995101928710938
210.89300537109375	224.70399475097656	22.756107330322266
42.220001220703125	130.7139892578125	18.461105346679688
198.31698608398438	80.63599395751953	18.940105438232422
174.17298889160156	132.98300170898438	21.147106170654297
151.5159912109375	56.17499923706055	22.417102813720703
129.80999755859375	95.28298950195313	18.296104431152344
204.86099243164063	100.4169921875	20.67410659790039
53.90699768066406	19.025999069213867	9.357105255126953
222.322998046875	4.466000080108643	20.401103973388672
158.28900146484375	125.86299896240234	18.42410659790039
178.89401245117188	10.715999603271484	18.443103790283203
152.8209991455078	191.1959991455078	12.504108428955078
217.2689971923828	2.4029998779296875	21.454105377197266
173.3199920654297	194.68499755859375	20.30410385131836
207.5	120.25599670410156	19.300106048583984
61.72699737548828	81.2490005493164	21.10910415649414
90.96699523925781	114.33999633789063	24.52310562133789
109.70899963378906	66.26199340820313	24.446102142333984
219.3730010986328	134.65899658203125	24.545101165771484
6.388999938964844	226.63999938964844	24.388103485107422
191.7239990234375	38.67499923706055	17.377105712890625
38.86899948120117	161.5159912109375	15.832107543945313
80.40599822998047	34.65599822998047	10.655105590820313
219.23199462890625	173.81500244140625	27.545108795166016
110.2919921875	11.251998901367188	8.820106506347656
171.13400268554688	76.2439956665039	17.172103881835938
184.7379913330078	168.36500549316406	24.272106170654297
134.4219970703125	224.9580078125	9.442108154296875
93.1929931640625	210.40399169921875	8.561107635498047
125.56099700927734	223.2849884033203	7.606105804443359
95.74699401855469	18.149999618530273	10.08810806274414
100.37499237060547	48.43299865722656	21.829105377197266
61.63699722290039	48.49300003051758	13.511104583740234
135.64500427246094	155.50999450683594	17.906105041503906
150.05299377441406	223.89199829101563	11.887104034423828
92.40899658203125	96.81099700927734	22.980106353759766
141.65499877929688	-2.1470000743865967	12.013103485107422
221.2559814453125	13.874999046325684	20.41110610961914
162.58200073242188	173.69400024414063	17.153106689453125
204.08200073242188	225.51698303222656	20.79510498046875
208.00900268554688	146.61199951171875	21.618106842041016
9.02299976348877	142.5070037841797	19.49710464477539
180.86898803710938	144.50999450683594	23.72610092163086
171.5229949951172	145.76600646972656	22.448101043701172
217.66299438476563	80.01300048828125	12.858104705810547
120.16899871826172	-2.1040000915527344	9.05810546875
168.8800048828125	212.93899536132813	13.86910629272461
155.78500366210938	3.7950000762939453	19.404102325439453
165.8979949951172	122.84500122070313	20.178104400634766
169.0469970703125	192.7050018310547	21.26010513305664
75.072998046875	106.29299926757813	26.253108978271484
61.5369987487793	164.60899353027344	15.3341064453125
66.55299377441406	61.25099563598633	17.47610855102539
32.72699737548828	74.60499572753906	19.030105590820313
164.53799438476563	197.16400146484375	16.45810317993164
125.04299926757813	185.1199951171875	14.653106689453125
70.48999786376953	1.128999948501587	8.906105041503906
67.91100311279297	17.136999130249023	11.191108703613281
147.08799743652344	166.9619903564453	12.339107513427734
226.90499877929688	220.09300231933594	27.498104095458984
142.30699157714844	166.447998046875	14.176105499267578
81.80099487304688	173.54200744628906	19.493106842041016
168.99000549316406	19.34699821472168	17.577106475830078
134.45399475097656	44.246002197265625	18.826107025146484
13.402999877929688	114.4209976196289	23.771106719970703
105.51799774169922	8.279000282287598	3.289104461669922
76.96699523925781	202.4949951171875	13.396106719970703
44.253997802734375	153.15599060058594	12.539108276367188
33.39699935913086	187.2570037841797	17.126102447509766
93.30299377441406	102.22799682617188	22.24410629272461
164.27700805664063	81.96299743652344	17.018104553222656
104.36000061035156	22.558998107910156	12.40610122680664
105.97199249267578	98.50299835205078	24.276103973388672
208.38198852539063	45.279998779296875	16.56210708618164
84.13399505615234	71.3030014038086	25.112110137939453
126.30999755859375	93.05500030517578	21.256107330322266
211.4399871826172	173.58399963378906	28.426105499267578
142.15399169921875	71.01100158691406	21.418106079101563
74.77899932861328	15.637999534606934	8.944103240966797
133.55099487304688	193.96400451660156	11.750102996826172
174.8280029296875	53.24599838256836	20.00710678100586
122.44699096679688	211.9169921875	4.429103851318359
8.500999450683594	157.63699340820313	26.67410659790039
211.41799926757813	27.158000946044922	21.86310577392578
195.1619873046875	166.4459991455078	27.84811019897461
142.2639923095703	193.59100341796875	12.349105834960938
148.89599609375	161.12899780273438	18.867103576660156
13.027999877929688	158.98699951171875	24.296100616455078
139.72799682617188	118.99000549316406	18.492103576660156
174.99899291992188	109.68199920654297	18.422103881835938
127.14300537109375	-0.1770000010728836	7.814105987548828
48.666996002197266	163.97100830078125	13.008106231689453
63.74799728393555	223.42298889160156	8.72210693359375
154.6699981689453	69.52399444580078	18.06710433959961
71.70199584960938	23.9789981842041	8.530101776123047
177.00599670410156	211.2010040283203	19.884105682373047
82.14199829101563	130.80499267578125	28.41910171508789
34.25599670410156	111.32899475097656	19.30410385131836
31.011999130249023	149.4969940185547	17.524105072021484
120.90099334716797	59.691001892089844	24.348102569580078
155.0989990234375	228.6409912109375	17.380107879638672
141.58299255371094	78.98699951171875	18.797103881835938
16.279998779296875	201.4669952392578	17.31710433959961
177.61099243164063	45.59799575805664	22.194107055664063
144.54100036621094	203.05899047851563	10.903106689453125
115.43299865722656	29.229000091552734	19.090106964111328
163.1230010986328	166.0919952392578	19.229103088378906
182.80300903320313	213.0709991455078	19.164104461669922
89.30799865722656	52.94399642944336	18.756107330322266
160.48300170898438	27.857999801635742	19.400108337402344
227.23699951171875	162.5469970703125	26.08010482788086
81.42399597167969	57.44999694824219	20.922103881835938
101.62200164794922	82.83599853515625	23.558101654052734
155.32699584960938	178.19198608398438	12.482105255126953
106.37399291992188	176.64797973632813	14.474109649658203
19.680999755859375	68.22699737548828	15.963104248046875
161.08200073242188	114.05799865722656	17.831104278564453
162.906982421875	128.2220001220703	18.085105895996094
74.07499694824219	62.532997131347656	19.71810531616211
186.35598754882813	72.02699279785156	17.448108673095703
165.82398986816406	105.22099304199219	19.486103057861328
190.28900146484375	94.02699279785156	18.76910400390625
178.55099487304688	117.60799407958984	19.741104125976563
16.211999893188477	172.33999633789063	20.125102996826172
87.05499267578125	213.28298950195313	7.940105438232422
20.22699737548828	224.27700805664063	20.368106842041016
155.80999755859375	203.4919891357422	12.085105895996094
120.2229995727539	192.93600463867188	13.32210922241211
204.5709991455078	158.3159942626953	29.785106658935547
88.73600006103516	24.612998962402344	12.91610336303711
104.41699981689453	117.2750015258789	21.466106414794922
129.58499145507813	168.07899475097656	16.267105102539063
226.3909912109375	35.11899948120117	16.646106719970703
125.03500366210938	114.78399658203125	19.374103546142578
109.79000091552734	200.71998596191406	12.440105438232422
81.25499725341797	21.529998779296875	7.338108062744141
9.379999160766602	60.843997955322266	13.046104431152344
185.5679931640625	191.0	25.641101837158203
35.37699890136719	230.2279815673828	11.78610610961914
179.968994140625	158.95399475097656	27.117107391357422
169.1580047607422	85.0	16.223102569580078
120.49099731445313	99.54299926757813	22.99410629272461
18.836000442504883	53.041996002197266	12.841106414794922
35.88199996948242	148.1999969482422	15.739105224609375
216.85499572753906	18.5049991607666	20.612102508544922
130.97799682617188	128.14898681640625	19.449108123779297
213.0399932861328	104.65099334716797	17.973106384277344
127.9489974975586	83.11699676513672	15.805103302001953
24.615997314453125	75.74099731445313	17.053104400634766
12.722000122070313	20.19499969482422	17.388107299804688
114.52099609375	142.80099487304688	21.538105010986328
138.28298950195313	41.04199981689453	19.719104766845703
97.86399841308594	124.50499725341797	27.16910171508789
176.82400512695313	206.8939971923828	17.301105499267578
177.40098571777344	82.78599548339844	13.61910629272461
123.63700103759766	124.34700012207031	19.647106170654297
93.93599700927734	58.52699661254883	25.02310562133789
141.0909881591797	64.76499938964844	23.665103912353516
199.48098754882813	194.29498291015625	27.50510025024414
41.02799987792969	178.9659881591797	16.2301025390625
179.9040069580078	27.602998733520508	20.572105407714844
112.61100006103516	160.43699645996094	17.956104278564453
12.020000457763672	148.79100036621094	20.577102661132813
188.9929962158203	7.935999870300293	17.14510726928711
35.974998474121094	177.16998291015625	16.84710693359375
97.73499298095703	205.19998168945313	10.879104614257813
229.40899658203125	25.73299789428711	17.443103790283203
70.51599884033203	128.27899169921875	26.53610610961914
170.3800048828125	207.25099182128906	14.671104431152344
1.7139999866485596	136.94200134277344	18.597103118896484
39.13199996948242	75.81099700927734	15.537105560302734
116.27099609375	15.93899917602539	12.302104949951172
58.78499984741211	160.21200561523438	16.100101470947266
102.031005859375	218.50198364257813	7.096107482910156
133.05699157714844	112.802001953125	19.736106872558594
103.58200073242188	182.18299865722656	14.784103393554688
102.3699951171875	226.83799743652344	3.0141029357910156
50.20000076293945	182.5599822998047	13.980106353759766
106.1719970703125	110.72599792480469	20.24310302734375
62.17599868774414	192.63299560546875	12.186103820800781
98.37998962402344	92.41899108886719	22.688106536865234
59.31399917602539	208.4980010986328	6.459102630615234
70.01599884033203	32.191001892089844	8.077102661132813
174.32699584960938	59.688995361328125	19.877105712890625
182.80699157714844	45.00400161743164	21.149105072021484
151.94898986816406	51.48200225830078	22.478107452392578
214.2849884033203	220.19100952148438	26.835102081298828
94.71699523925781	85.87200164794922	21.99010467529297
54.22800064086914	81.39800262451172	16.15610122680664
149.81399536132813	62.56700134277344	23.617107391357422
71.65899658203125	191.20498657226563	15.426105499267578
120.85299682617188	187.46099853515625	11.476104736328125
140.65699768066406	102.48500061035156	16.810104370117188
1.4359999895095825	83.0929946899414	15.550106048583984
157.66600036621094	150.16600036621094	22.302104949951172
225.55299377441406	19.952999114990234	22.327106475830078
228.06399536132813	201.8470001220703	25.960102081298828
107.3030014038086	225.35299682617188	3.9741058349609375
54.438995361328125	212.7760009765625	9.680107116699219
168.40499877929688	159.2849884033203	22.576107025146484
117.00599670410156	121.91499328613281	21.818103790283203
97.4959945678711	174.5349884033203	14.095104217529297
85.86099243164063	197.6219940185547	12.292106628417969
88.88800048828125	15.774999618530273	8.756107330322266
172.87599182128906	22.742998123168945	16.452106475830078
219.13099670410156	101.43899536132813	18.855106353759766
70.6929931640625	118.69599151611328	23.232105255126953
157.40399169921875	157.64898681640625	19.5321044921875
225.9019775390625	82.29399871826172	16.58010482788086
71.44200134277344	36.961997985839844	11.461109161376953
204.3789825439453	106.62499237060547	20.702106475830078
80.093994140625	206.5139923095703	12.376106262207031
71.47200012207031	157.42599487304688	18.841106414794922
83.84200286865234	14.721000671386719	6.7631072998046875
15.404998779296875	216.85098266601563	21.533103942871094
49.76799774169922	196.2550048828125	12.224102020263672
88.32699584960938	143.86300659179688	22.568103790283203
123.2179946899414	25.58500099182129	12.931106567382813
38.362998962402344	153.2779998779297	14.082103729248047
211.16998291015625	55.02799987792969	14.05810546875
85.35099792480469	39.05999755859375	15.696102142333984
23.979999542236328	98.302001953125	19.060104370117188
106.50699615478516	36.141998291015625	19.401103973388672
205.29800415039063	175.21200561523438	29.022106170654297
77.09600067138672	100.30399322509766	24.629100799560547
68.39099884033203	87.26699829101563	21.217105865478516
188.39898681640625	127.30400085449219	24.261104583740234
22.618000030517578	201.31100463867188	16.33310317993164
4.667999744415283	68.35199737548828	15.387104034423828
115.9739990234375	82.20700073242188	20.329105377197266
230.53199768066406	38.696998596191406	17.548107147216797
191.37399291992188	16.998998641967773	20.438106536865234
100.72699737548828	64.76599884033203	24.124103546142578
5.073999881744385	50.81899642944336	13.531105041503906
122.85900115966797	201.08900451660156	11.253105163574219
224.97299194335938	135.5469970703125	24.387104034423828
98.31900024414063	56.902000427246094	23.52010726928711
120.68999481201172	205.14599609375	7.557109832763672
171.56900024414063	150.11199951171875	26.089107513427734
195.8109893798828	95.5429916381836	20.604106903076172
152.1949920654297	43.32099914550781	23.420108795166016
59.23099899291992	230.07901000976563	6.487102508544922
110.31500244140625	229.427978515625	2.7541046142578125
136.14698791503906	200.5139923095703	11.050106048583984
74.00799560546875	41.452999114990234	13.601104736328125
82.18899536132813	142.03500366210938	22.464107513427734
199.28199768066406	7.97499942779541	19.42810821533203
52.30799865722656	163.77500915527344	16.499107360839844
163.06700134277344	212.85000610351563	9.504104614257813
5.918999671936035	120.48799133300781	22.677104949951172
122.57199096679688	106.48799896240234	20.167102813720703
199.5679931640625	50.95699691772461	17.801105499267578
8.736000061035156	24.934999465942383	14.672103881835938
186.18699645996094	229.77899169921875	17.551105499267578
193.96200561523438	23.91699981689453	20.306106567382813
125.65499114990234	43.71900177001953	18.887107849121094
152.55999755859375	146.86199951171875	18.535106658935547
96.31499481201172	195.92300415039063	10.02310562133789
159.07598876953125	101.05799865722656	17.147106170654297
170.843994140625	68.88499450683594	21.854106903076172
123.35799407958984	134.17799377441406	20.04210662841797
131.43499755859375	135.93199157714844	18.531105041503906
187.87899780273438	220.42098999023438	17.210102081298828
187.7310028076172	115.18299865722656	18.131107330322266
50.279998779296875	123.86799621582031	18.46410369873047
103.06099700927734	167.50900268554688	19.750106811523438
152.61399841308594	199.4879913330078	12.042102813720703
69.8969955444336	196.77499389648438	14.792106628417969
4.585000038146973	63.188995361328125	14.685104370117188
169.38499450683594	48.150997161865234	23.865108489990234
10.264999389648438	201.43798828125	21.10610580444336
26.081998825073242	15.413999557495117	11.639106750488281
222.12098693847656	50.85599899291992	14.98410415649414
55.03099822998047	110.68699645996094	17.24410629272461
191.61599731445313	149.333984375	24.909107208251953
105.45199584960938	55.9739990234375	20.931106567382813
131.10800170898438	117.38600158691406	16.704105377197266
66.10499572753906	205.7639923095703	6.6981048583984375
14.000999450683594	189.5179901123047	20.290103912353516
203.1429901123047	217.38800048828125	20.63210678100586
176.84799194335938	104.92599487304688	19.009105682373047
225.96498107910156	119.1199951171875	18.050106048583984
199.822998046875	72.98799896240234	15.326107025146484
161.77598571777344	18.822998046875	18.401103973388672
6.646999835968018	111.06399536132813	21.74710464477539
158.5909881591797	77.95399475097656	19.16710662841797
189.22300720214844	89.33399963378906	17.29010772705078
182.52398681640625	223.98599243164063	16.49410629272461
62.87299728393555	154.3719940185547	16.89810562133789
40.904998779296875	203.218994140625	11.690105438232422
5.64300012588501	41.88199996948242	15.931106567382813
142.86500549316406	130.26699829101563	18.767105102539063
132.364990234375	64.9939956665039	25.988101959228516
14.748000144958496	180.76901245117188	20.253108978271484
170.3159942626953	169.333984375	20.58010482788086
142.11199951171875	35.82899856567383	19.299102783203125
37.50299835205078	125.12199401855469	23.04111099243164
52.83199691772461	88.093994140625	15.903106689453125
26.517000198364258	115.37699890136719	20.082103729248047
196.76499938964844	189.06399536132813	27.20510482788086
214.6060028076172	51.68499755859375	16.49410629272461
205.17098999023438	51.06700134277344	14.13510513305664
10.324000358581543	166.81399536132813	24.928104400634766
69.27899932861328	201.39498901367188	10.138103485107422
68.00799560546875	178.56199645996094	17.374107360839844
41.000999450683594	5.71999979019165	10.699108123779297
17.844999313354492	92.80499267578125	21.85210418701172
19.35300064086914	44.20399475097656	13.138103485107422
24.000999450683594	211.0439910888672	15.858104705810547
32.98099899291992	4.739999771118164	10.961105346679688
141.69900512695313	124.25199890136719	15.630104064941406
127.79499816894531	106.03599548339844	21.556106567382813
172.83599853515625	36.06999969482422	20.83010482788086
198.93699645996094	77.67900085449219	14.524105072021484
103.40199279785156	89.6669921875	18.308109283447266
145.67599487304688	48.516998291015625	23.707103729248047
192.96298217773438	42.736000061035156	19.927104949951172
40.016998291015625	13.934999465942383	7.904106140136719
194.3470001220703	156.81700134277344	26.91610336303711
218.18899536132813	208.98800659179688	25.67410659790039
65.59600067138672	106.64099884033203	22.640106201171875
115.58200073242188	181.2539825439453	14.703105926513672
150.92898559570313	176.06399536132813	11.314105987548828
196.11900329589844	32.71699905395508	21.99810791015625
48.465999603271484	190.72198486328125	15.319107055664063
2.187999963760376	89.9020004272461	14.151107788085938
216.3249969482422	201.3839874267578	26.996105194091797
208.95098876953125	153.07899475097656	26.204105377197266
96.57099914550781	72.97999572753906	22.380107879638672
78.65899658203125	118.30199432373047	25.116107940673828
191.90399169921875	112.0479965209961	20.85910415649414
14.951000213623047	194.156982421875	18.787105560302734
55.26499938964844	72.16300201416016	16.914108276367188
184.48599243164063	124.3239974975586	21.252105712890625
205.18699645996094	132.72299194335938	25.35610580444336
55.95100021362305	124.8489990234375	17.800106048583984
97.79899597167969	29.684999465942383	14.882102966308594
197.55099487304688	140.26998901367188	22.935108184814453
1.959999918937683	174.52899169921875	25.172107696533203
37.31999969482422	216.76199340820313	13.599105834960938
178.08599853515625	16.10700035095215	15.248104095458984
33.32099914550781	19.604999542236328	8.783103942871094
