X	Y	Z
84.8689956665039	66.2699966430664	12.777107238769531
168.10098266601563	156.48500061035156	15.414104461669922
182.72698974609375	103.55499267578125	17.079105377197266
85.55299377441406	74.85299682617188	10.99410629272461
163.06597900390625	192.7310028076172	15.144107818603516
125.08200073242188	217.12098693847656	20.677104949951172
151.2729949951172	181.9139862060547	12.960105895996094
36.439998626708984	41.698997497558594	13.285106658935547
102.73699951171875	148.822998046875	11.513107299804688
87.7229995727539	195.88299560546875	28.558101654052734
155.4169921875	44.61199951171875	16.25310516357422
79.62199401855469	200.4759979248047	28.982105255126953
81.66899871826172	154.23899841308594	19.978107452392578
79.04499816894531	68.80999755859375	11.508106231689453
165.50599670410156	66.32599639892578	14.047103881835938
34.43299865722656	57.60900115966797	9.576103210449219
127.04399871826172	49.40899658203125	26.065105438232422
127.47900390625	202.8939971923828	21.229106903076172
82.32699584960938	30.277000427246094	24.07510757446289
190.9169921875	148.38499450683594	14.978107452392578
218.62098693847656	119.12399291992188	22.25210189819336
157.5089874267578	11.958999633789063	24.402103424072266
131.05999755859375	206.5959930419922	22.631103515625
69.72100067138672	120.98599243164063	18.24710464477539
97.96500396728516	201.10800170898438	23.991107940673828
166.44300842285156	166.32598876953125	12.44610595703125
27.45800018310547	16.27199935913086	18.36410903930664
158.70700073242188	113.96099853515625	14.085102081298828
77.33399963378906	129.1060028076172	20.09610366821289
21.141998291015625	64.6969985961914	8.435104370117188
206.7469940185547	149.86399841308594	19.341102600097656
10.060998916625977	19.091999053955078	11.37710952758789
32.840999603271484	50.534996032714844	12.38510513305664
11.567000389099121	226.25799560546875	17.568103790283203
230.42298889160156	19.822999954223633	11.381103515625
224.7740020751953	50.084999084472656	11.803104400634766
196.2989959716797	200.4539794921875	15.598102569580078
208.11599731445313	85.0479965209961	17.444107055664063
191.06199645996094	51.749000549316406	13.625102996826172
224.52200317382813	220.49598693847656	18.272106170654297
26.78799819946289	108.07999420166016	19.939105987548828
147.99099731445313	43.993995666503906	18.150108337402344
207.61798095703125	157.73699951171875	17.355106353759766
62.2239990234375	62.433998107910156	14.542102813720703
58.430999755859375	51.32999801635742	14.426105499267578
69.61199951171875	42.641998291015625	21.085105895996094
128.7550048828125	16.03499984741211	28.579105377197266
118.50099182128906	228.1909942626953	29.894107818603516
39.10499954223633	144.26100158691406	25.456104278564453
18.601999282836914	211.09298706054688	17.624103546142578
177.10498046875	186.458984375	16.88510513305664
66.62999725341797	198.9309844970703	24.017108917236328
133.18899536132813	178.54299926757813	15.319107055664063
36.82999801635742	36.167999267578125	12.236106872558594
40.5620002746582	228.45399475097656	20.252105712890625
187.83499145507813	29.937000274658203	12.383106231689453
146.3979949951172	52.097999572753906	18.969104766845703
65.26399230957031	91.66099548339844	11.615108489990234
49.52099609375	171.19798278808594	21.797107696533203
13.228999137878418	112.33999633789063	14.055107116699219
30.38599967956543	26.167999267578125	19.500102996826172
90.9939956665039	2.1059999465942383	28.09310531616211
56.115997314453125	209.39498901367188	23.860103607177734
94.5949935913086	219.7659912109375	30.571102142333984
181.12799072265625	151.37098693847656	13.348102569580078
183.77099609375	223.708984375	18.746105194091797
177.0909881591797	199.08599853515625	17.216106414794922
101.45500183105469	144.572998046875	15.184104919433594
229.12698364257813	150.09298706054688	18.642101287841797
122.8499984741211	117.08499908447266	11.77310562133789
118.24799346923828	207.5419921875	21.30810546875
25.170997619628906	146.08099365234375	22.55710220336914
116.94599914550781	133.1929931640625	6.629108428955078
79.63700103759766	136.4429931640625	24.381107330322266
167.8839874267578	198.1179962158203	17.829105377197266
20.125	223.99700927734375	17.95510482788086
134.7969970703125	213.7310028076172	21.828105926513672
27.906999588012695	0.03999999910593033	17.56210708618164
33.215999603271484	124.8489990234375	20.509105682373047
172.55099487304688	122.05699920654297	12.4801025390625
185.30899047851563	194.74899291992188	14.990108489990234
210.08299255371094	62.211997985839844	22.713104248046875
41.9119987487793	122.802001953125	23.79910659790039
35.54499816894531	98.5719985961914	15.853107452392578
57.51599884033203	89.53700256347656	12.053104400634766
217.14498901367188	144.6840057373047	18.759105682373047
229.86700439453125	119.2490005493164	18.667102813720703
8.618999481201172	114.53299713134766	16.367103576660156
70.36299896240234	18.469999313354492	24.128101348876953
27.68199920654297	51.590999603271484	12.328105926513672
206.98699951171875	51.43299865722656	16.344104766845703
177.40098571777344	126.60599517822266	13.604103088378906
117.74099731445313	10.861000061035156	25.091106414794922
168.83999633789063	128.5780029296875	11.85610580444336
111.364990234375	181.70599365234375	17.059104919433594
137.7220001220703	20.648998260498047	23.13510513305664
12.98699951171875	212.43699645996094	18.002105712890625
85.36099243164063	173.3979949951172	21.51910400390625
19.739999771118164	104.41299438476563	14.810108184814453
161.5399932861328	176.47698974609375	11.761104583740234
72.66400146484375	186.94598388671875	23.64510726928711
129.2830047607422	133.04100036621094	9.529106140136719
50.5620002746582	189.67498779296875	23.11910629272461
83.67599487304688	46.1619987487793	18.220108032226563
45.45199966430664	20.594999313354492	20.427104949951172
182.5489959716797	43.35499572753906	16.08810806274414
210.69898986816406	75.1989974975586	18.714107513427734
196.02499389648438	138.84100341796875	17.462108612060547
108.69200134277344	227.56300354003906	28.636104583740234
149.7689971923828	107.94999694824219	12.422107696533203
193.23199462890625	18.857999801635742	16.387107849121094
195.51898193359375	125.41899871826172	21.972103118896484
182.55799865722656	27.602001190185547	13.564105987548828
85.54399108886719	2.6100001335144043	29.787105560302734
117.63299560546875	59.10199737548828	22.43010711669922
193.05099487304688	183.43199157714844	10.881107330322266
78.59599304199219	51.086997985839844	14.236103057861328
30.177000045776367	46.34299850463867	11.8861083984375
142.20700073242188	56.095001220703125	18.591106414794922
85.8759994506836	112.79600524902344	14.605106353759766
128.1540069580078	76.0979995727539	22.495105743408203
98.43099975585938	76.37899780273438	16.340106964111328
153.9149932861328	198.802001953125	15.742103576660156
182.23199462890625	87.2969970703125	25.05410385131836
29.831998825073242	133.91600036621094	19.61810302734375
116.80599975585938	215.9429931640625	27.33310317993164
216.23399353027344	186.03500366210938	8.897106170654297
52.54299545288086	122.06500244140625	26.35610580444336
150.02398681640625	114.98799133300781	11.840106964111328
132.5889892578125	57.06800079345703	22.69210433959961
22.862998962402344	9.58899974822998	17.303104400634766
228.15199279785156	36.68000030517578	9.86410140991211
182.8199920654297	38.244998931884766	12.319103240966797
26.236000061035156	67.31199645996094	7.124107360839844
110.80299377441406	170.1020050048828	9.943103790283203
204.46298217773438	19.78299903869629	15.452106475830078
211.61199951171875	16.18899917602539	13.083106994628906
166.17799377441406	211.08399963378906	19.824108123779297
114.00399780273438	43.00899887084961	25.927104949951172
115.15099334716797	149.968994140625	8.663108825683594
174.53399658203125	140.20399475097656	14.044105529785156
204.25299072265625	197.74798583984375	14.401103973388672
176.01300048828125	33.650001525878906	11.879108428955078
42.21799850463867	221.94700622558594	18.58010482788086
182.656005859375	209.44000244140625	16.08310317993164
117.36000061035156	39.422996520996094	24.809101104736328
127.07699584960938	221.218994140625	21.646106719970703
55.95299530029297	55.4109992980957	13.457103729248047
94.98199462890625	153.1909942626953	15.626102447509766
190.322998046875	9.957999229431152	15.271106719970703
34.2400016784668	218.4639892578125	21.44910430908203
16.753000259399414	145.7779998779297	18.561107635498047
94.468994140625	105.47299194335938	16.796104431152344
159.69699096679688	29.590999603271484	23.425106048583984
171.65899658203125	191.04998779296875	17.655109405517578
91.80599975585938	51.41200256347656	20.204105377197266
59.920997619628906	164.2969970703125	24.707103729248047
202.78500366210938	143.99600219726563	17.636104583740234
79.75999450683594	21.382999420166016	27.091106414794922
7.928999900817871	133.1619873046875	23.235103607177734
8.010000228881836	136.89599609375	18.123104095458984
47.40299606323242	153.44898986816406	22.735107421875
146.74899291992188	209.62098693847656	20.144107818603516
227.8579864501953	32.33700180053711	12.642105102539063
32.34199905395508	210.38299560546875	16.005104064941406
8.37399959564209	127.10198974609375	23.440105438232422
69.39099884033203	190.50299072265625	25.620105743408203
158.375	214.7740020751953	20.553104400634766
203.83099365234375	179.61000061035156	13.646102905273438
204.03500366210938	46.91299819946289	14.719104766845703
117.52299499511719	93.58900451660156	22.275104522705078
58.778995513916016	23.078998565673828	22.136104583740234
65.95700073242188	106.95899963378906	15.969104766845703
189.385986328125	88.06099700927734	20.839107513427734
146.55299377441406	17.149999618530273	23.638111114501953
131.7939910888672	74.36000061035156	19.419105529785156
51.37000274658203	163.96299743652344	23.25710678100586
79.00299835205078	3.88100004196167	26.402103424072266
153.43899536132813	48.99799728393555	17.04010772705078
120.49699401855469	31.43199920654297	24.858104705810547
125.54399108886719	128.7550048828125	13.025104522705078
176.58499145507813	114.74299621582031	16.039104461669922
-0.23199999332427979	127.91099548339844	19.711105346679688
36.81199645996094	137.2259979248047	23.625102996826172
226.24697875976563	3.9619998931884766	14.100105285644531
40.25499725341797	157.33799743652344	23.526103973388672
118.39199829101563	114.32600402832031	11.93210220336914
122.22000122070313	108.33199310302734	16.132102966308594
178.34799194335938	14.795999526977539	17.435104370117188
97.87200164794922	21.027000427246094	25.183109283447266
65.24699401855469	155.63099670410156	23.499103546142578
141.11599731445313	113.96699523925781	14.0321044921875
179.72299194335938	164.3199920654297	14.473106384277344
184.55999755859375	7.861999988555908	16.512104034423828
82.74199676513672	58.69300079345703	13.339107513427734
118.9229965209961	169.41000366210938	13.500106811523438
206.09100341796875	118.125	18.201107025146484
162.96400451660156	209.52499389648438	14.811107635498047
193.75900268554688	6.193999767303467	12.51510238647461
63.589996337890625	207.81500244140625	25.337108612060547
99.4699935913086	55.092002868652344	21.550106048583984
85.09700012207031	142.1959991455078	19.434104919433594
6.960000038146973	43.3589973449707	13.126102447509766
127.56599426269531	212.0439910888672	21.051105499267578
137.42599487304688	38.404998779296875	21.78310775756836
106.29499816894531	98.00099182128906	13.287105560302734
199.54299926757813	54.545997619628906	19.487106323242188
220.61599731445313	56.564998626708984	17.342105865478516
223.708984375	25.030000686645508	12.814105987548828
125.63399505615234	160.03500366210938	9.491107940673828
48.361000061035156	198.3059844970703	24.448108673095703
210.6739959716797	93.92098999023438	15.488105773925781
10.87299919128418	58.63399887084961	9.50210952758789
206.23699951171875	101.46099853515625	15.84310531616211
87.22700500488281	60.58599853515625	16.742107391357422
153.51199340820313	189.72799682617188	16.467105865478516
63.04999923706055	68.61799621582031	11.102108001708984
170.33399963378906	225.28700256347656	20.430103302001953
9.02299976348877	144.71099853515625	19.024105072021484
34.893001556396484	156.46299743652344	21.164104461669922
220.91900634765625	41.387996673583984	8.939105987548828
62.20500183105469	119.16999816894531	17.70110321044922
122.1669921875	48.689998626708984	27.790103912353516
1.1099998950958252	27.89299964904785	12.323104858398438
28.36400032043457	89.29399108886719	8.2821044921875
86.05899810791016	216.99600219726563	29.39010238647461
164.8359832763672	117.42699432373047	10.024105072021484
165.1370086669922	148.9029998779297	10.522106170654297
191.0749969482422	212.15499877929688	15.375106811523438
109.30099487304688	156.00799560546875	11.617103576660156
208.25399780273438	2.424999952316284	14.112106323242188
81.65699768066406	115.83700561523438	17.513103485107422
85.71600341796875	31.562000274658203	28.771106719970703
111.8709945678711	191.0	19.516109466552734
228.9810028076172	91.25899505615234	14.202106475830078
49.551998138427734	144.43399047851563	22.70810317993164
6.825999736785889	172.33200073242188	18.802104949951172
58.996002197265625	30.976999282836914	18.857105255126953
135.92298889160156	87.7239990234375	21.819107055664063
92.67098999023438	203.14801025390625	26.368106842041016
16.16499900817871	99.18799591064453	15.04610824584961
195.5909881591797	179.40798950195313	12.391105651855469
103.28499603271484	3.5490000247955322	27.46310806274414
189.64599609375	161.99600219726563	13.527103424072266
58.39299774169922	169.67898559570313	25.698108673095703
93.45399475097656	100.71099090576172	15.139102935791016
187.53799438476563	183.0989990234375	11.014106750488281
100.84300231933594	161.44898986816406	15.631107330322266
181.29299926757813	69.80099487304688	20.630104064941406
175.25799560546875	70.09199523925781	20.163105010986328
74.04499816894531	143.45899963378906	26.985103607177734
89.7719955444336	183.89498901367188	22.862110137939453
31.833999633789063	8.479000091552734	19.004104614257813
136.3040008544922	29.946998596191406	26.048107147216797
171.45001220703125	107.93399810791016	18.693103790283203
145.70599365234375	121.86100006103516	11.047107696533203
28.246000289916992	170.16600036621094	16.55910873413086
89.38599395751953	117.83699798583984	16.392105102539063
34.180999755859375	72.5739974975586	10.289104461669922
48.516998291015625	107.1449966430664	22.620101928710938
56.650997161865234	222.04598999023438	23.918109893798828
187.59698486328125	55.305999755859375	13.012104034423828
123.23699951171875	41.071998596191406	25.54111099243164
198.64398193359375	89.57398986816406	16.22610855102539
35.02799987792969	4.5	20.160106658935547
198.60198974609375	13.972999572753906	15.750102996826172
110.79100036621094	20.137998580932617	29.46810531616211
75.18399810791016	163.38101196289063	21.29610824584961
131.7989959716797	12.703999519348145	26.245105743408203
101.7179946899414	205.57899475097656	24.683109283447266
213.89398193359375	79.04100036621094	18.039104461669922
151.9759979248047	155.64500427246094	9.38510513305664
169.27200317382813	22.0939998626709	16.87810516357422
112.03599548339844	209.552001953125	21.97110366821289
52.66999816894531	181.61801147460938	23.11910629272461
41.058998107910156	62.810997009277344	13.711105346679688
123.697998046875	177.3979949951172	14.97110366821289
178.32501220703125	24.740999221801758	14.5321044921875
205.32699584960938	186.343994140625	8.767105102539063
197.4600067138672	98.37200164794922	18.62210464477539
2.739000082015991	110.73799896240234	18.189102172851563
133.4359893798828	120.322998046875	9.05710220336914
129.17999267578125	35.532997131347656	23.255107879638672
29.134998321533203	64.125	9.789104461669922
55.5359992980957	67.26399993896484	12.758106231689453
53.1719970703125	31.667999267578125	18.375102996826172
165.31900024414063	35.1609992980957	18.866107940673828
191.35499572753906	129.00099182128906	18.905109405517578
123.66999816894531	163.91500854492188	12.298103332519531
80.8010025024414	185.18798828125	23.02310562133789
157.18699645996094	57.154998779296875	17.055103302001953
183.6599884033203	173.3560028076172	12.003105163574219
144.86898803710938	5.105999946594238	27.690105438232422
167.88099670410156	123.22999572753906	10.742103576660156
174.52999877929688	57.69099807739258	18.64810562133789
0.7599999904632568	68.2699966430664	11.788108825683594
42.88999938964844	200.55299377441406	23.177104949951172
41.10099792480469	192.51998901367188	20.272106170654297
134.38499450683594	66.28699493408203	19.559104919433594
20.011001586914063	229.2729949951172	15.835105895996094
146.3489990234375	82.90399169921875	18.02710723876953
145.3979949951172	224.718994140625	28.444103240966797
153.20599365234375	166.63900756835938	9.529106140136719
173.9739990234375	150.9359893798828	12.241104125976563
175.13099670410156	174.0830078125	14.45810317993164
86.25299072265625	130.67098999023438	20.876102447509766
211.38299560546875	39.492000579833984	11.965106964111328
68.51699829101563	69.0999984741211	13.083106994628906
104.41199493408203	180.8280029296875	15.502105712890625
118.42399597167969	74.36399841308594	19.131103515625
193.59100341796875	-0.289000004529953	16.518104553222656
201.5749969482422	154.63699340820313	16.203105926513672
95.07099914550781	16.649999618530273	29.04410171508789
201.9499969482422	189.52699279785156	11.824104309082031
139.65899658203125	132.9530029296875	9.400108337402344
64.94499969482422	26.69099998474121	19.01910400390625
148.58099365234375	204.3679962158203	15.57110595703125
148.42898559570313	64.02400207519531	20.072105407714844
64.02799987792969	38.189998626708984	17.200103759765625
216.385986328125	131.83599853515625	19.491107940673828
225.2050018310547	195.03700256347656	15.521102905273438
185.74998474121094	22.327999114990234	16.987106323242188
212.60198974609375	104.74700164794922	16.539104461669922
35.07099914550781	8.821000099182129	23.28110122680664
157.8560028076172	102.31999206542969	15.210105895996094
116.84500122070313	223.9669952392578	26.840106964111328
223.84100341796875	150.64898681640625	17.448108673095703
202.11700439453125	122.67799377441406	18.671104431152344
91.25499725341797	24.696998596191406	27.535106658935547
48.369998931884766	217.1479949951172	23.076107025146484
6.46299934387207	56.10799789428711	9.660106658935547
139.71800231933594	62.03199768066406	14.384105682373047
104.13799285888672	18.635000228881836	28.087100982666016
10.444999694824219	63.78799819946289	9.613105773925781
178.90298461914063	50.10499954223633	17.603103637695313
224.89599609375	135.68800354003906	20.319107055664063
127.05299377441406	138.45899963378906	11.013103485107422
142.35899353027344	145.02398681640625	8.682106018066406
197.54798889160156	68.39099884033203	19.74710464477539
170.57199096679688	143.28799438476563	11.561103820800781
216.6899871826172	205.20599365234375	16.16110610961914
146.10499572753906	100.84700012207031	14.531105041503906
55.96699523925781	213.4580078125	26.754108428955078
201.90399169921875	95.6929931640625	19.50210952758789
39.227996826171875	212.68699645996094	21.144107818603516
150.0229949951172	37.55400085449219	23.21810531616211
219.0699920654297	154.42799377441406	18.125106811523438
159.77099609375	118.18399047851563	10.563102722167969
206.30099487304688	202.24398803710938	13.858104705810547
110.0469970703125	75.39900207519531	16.22710418701172
117.07299041748047	156.87799072265625	12.105106353759766
218.07199096679688	167.91000366210938	14.41610336303711
27.042999267578125	39.388999938964844	14.254104614257813
15.697000503540039	119.13999938964844	19.383102416992188
39.8489990234375	169.56399536132813	19.19610595703125
191.96800231933594	63.086997985839844	17.100109100341797
38.214996337890625	80.35200500488281	10.71010971069336
123.97099304199219	122.09300231933594	9.61410903930664
193.125	84.43800354003906	19.195106506347656
224.13499450683594	44.52899932861328	11.643108367919922
145.08099365234375	109.53599548339844	16.568103790283203
219.62098693847656	172.98699951171875	11.873104095458984
75.19999694824219	73.07699584960938	11.999103546142578
219.45799255371094	97.08399963378906	11.065105438232422
202.56500244140625	134.32899475097656	21.949108123779297
12.682999610900879	17.312999725341797	15.10610580444336
59.2969970703125	191.49000549316406	24.51010513305664
144.67999267578125	71.97000122070313	17.419105529785156
188.31600952148438	139.40599060058594	13.936107635498047
66.7490005493164	132.34500122070313	24.447101593017578
61.70399475097656	228.1699981689453	26.52810287475586
158.447998046875	166.90899658203125	12.301105499267578
133.93699645996094	160.33799743652344	12.73910903930664
63.78799819946289	16.086999893188477	22.5841064453125
5.927000045776367	206.30099487304688	20.764102935791016
86.03300476074219	102.13199615478516	13.44210433959961
140.39498901367188	206.76698303222656	15.774105072021484
197.02200317382813	115.38199615478516	19.93710708618164
41.65899658203125	135.822998046875	25.900104522705078
48.53399658203125	225.1479949951172	22.262104034423828
101.72900390625	171.8489990234375	14.410106658935547
3.9819998741149902	80.06599426269531	11.693107604980469
45.66999816894531	3.819999933242798	21.74710464477539
97.00399780273438	127.98099517822266	12.288105010986328
17.243999481201172	93.16999816894531	16.568103790283203
9.376999855041504	47.91999816894531	12.011104583740234
135.0540008544922	169.57598876953125	12.995105743408203
95.51799774169922	133.00399780273438	15.591102600097656
45.8489990234375	175.5019989013672	23.26511001586914
211.6099853515625	118.66099548339844	18.527103424072266
230.6999969482422	78.35600280761719	13.193103790283203
130.95899963378906	5.1620001792907715	25.52310562133789
206.50900268554688	69.8479995727539	20.466106414794922
137.40399169921875	100.02499389648438	17.171104431152344
147.26100158691406	150.83499145507813	6.199104309082031
182.458984375	203.01199340820313	15.500102996826172
66.43199920654297	141.57699584960938	23.80910873413086
171.41799926757813	98.83799743652344	21.132102966308594
0.06000000238418579	170.42401123046875	17.18610382080078
3.1710000038146973	180.12100219726563	18.49710464477539
45.55299758911133	126.8429946899414	24.878101348876953
114.947998046875	68.13500213623047	18.862106323242188
66.8239974975586	4.318999767303467	27.134105682373047
184.16700744628906	141.36300659179688	16.322105407714844
202.42999267578125	41.30799865722656	14.064105987548828
49.71900177001953	60.25600051879883	14.082103729248047
25.43000030517578	189.52798461914063	17.454105377197266
140.01100158691406	225.95498657226563	27.242107391357422
181.14700317382813	63.06299591064453	17.191104888916016
227.19000244140625	71.6929931640625	13.801105499267578
155.76699829101563	126.25599670410156	12.836105346679688
102.93399810791016	31.230998992919922	25.637104034423828
142.34300231933594	178.50999450683594	14.900104522705078
89.80400085449219	158.66400146484375	20.573101043701172
34.499000549316406	198.27099609375	21.29610824584961
19.514999389648438	156.07899475097656	16.583106994628906
207.6959991455078	195.33399963378906	12.011104583740234
72.42699432373047	199.86398315429688	23.123104095458984
128.6580047607422	43.20199966430664	24.04410171508789
98.63899993896484	217.2659912109375	33.11849489544679
82.59700012207031	93.74800109863281	12.164104461669922
139.80699157714844	8.906999588012695	24.839107513427734
62.7869987487793	216.18099975585938	25.46310806274414
162.0780029296875	140.5760040283203	12.54910659790039
117.27899169921875	97.51699829101563	17.900104522705078
78.99800109863281	85.5159912109375	12.037105560302734
73.10499572753906	109.489990234375	15.96810531616211
102.25699615478516	152.88299560546875	14.660106658935547
81.98399353027344	216.15699768066406	24.698108673095703
26.73499870300293	198.4969940185547	19.880107879638672
24.092998504638672	114.25999450683594	16.14510726928711
224.21298217773438	102.9169921875	15.074108123779297
227.6699981689453	208.15499877929688	19.64110565185547
223.5469970703125	94.40899658203125	11.691104888916016
53.75599670410156	37.816001892089844	16.289108276367188
83.77999877929688	225.60098266601563	30.104106903076172
100.02200317382813	89.88499450683594	16.501102447509766
7.845000267028809	201.04000854492188	16.788105010986328
232.5039825439453	50.54999923706055	12.008106231689453
16.919998168945313	199.57899475097656	19.272106170654297
72.09600067138672	218.54598999023438	23.818103790283203
126.90299987792969	173.1199951171875	13.918106079101563
85.66600036621094	205.85400390625	25.561107635498047
43.23100280761719	31.60300064086914	17.039104461669922
147.91299438476563	91.09799194335938	15.530105590820313
107.2139892578125	192.57798767089844	18.889102935791016
206.2559814453125	9.404999732971191	14.164104461669922
7.112999439239502	231.58399963378906	16.33010482788086
184.52899169921875	2.872999906539917	15.53610610961914
83.82099914550781	147.10000610351563	20.445106506347656
229.82398986816406	188.03399658203125	18.262107849121094
100.4010009765625	41.69399642944336	24.995105743408203
212.2119903564453	212.5179901123047	14.120105743408203
95.90999603271484	93.7179946899414	13.8341064453125
67.23899841308594	175.73599243164063	23.815105438232422
162.614990234375	197.2689971923828	17.40310287475586
78.31800079345703	39.51799774169922	21.951107025146484
13.423999786376953	179.06201171875	18.267105102539063
73.18999481201172	60.021995544433594	13.841106414794922
5.25600004196167	140.95700073242188	19.820106506347656
128.27699279785156	102.12998962402344	19.807106018066406
54.282997131347656	97.74299621582031	15.006107330322266
173.41000366210938	18.744998931884766	17.056102752685547
170.56199645996094	8.524999618530273	19.964107513427734
99.18199157714844	56.43600082397461	16.52310562133789
215.6669921875	109.42500305175781	18.899105072021484
115.14800262451172	162.11398315429688	14.407108306884766
185.59999084472656	153.08599853515625	16.45510482788086
11.199999809265137	69.70899963378906	10.938106536865234
223.2119903564453	161.00198364257813	15.003105163574219
132.4429931640625	114.69000244140625	10.745105743408203
8.958000183105469	97.58499908447266	14.16610336303711
213.5749969482422	141.468994140625	17.70110321044922
145.0869903564453	194.1619873046875	12.087104797363281
160.90399169921875	171.31500244140625	10.767105102539063
227.91799926757813	169.30899047851563	13.306102752685547
186.96998596191406	45.207000732421875	14.594104766845703
63.9739990234375	46.9739990234375	15.379108428955078
216.364990234375	192.875	14.548103332519531
58.21799850463867	144.4810028076172	21.04810333251953
62.4010009765625	138.47299194335938	25.178104400634766
93.05299377441406	68.27200317382813	13.486106872558594
123.09500122070313	10.03499984741211	26.590106964111328
21.86499786376953	150.23399353027344	22.947101593017578
7.021999835968018	218.1699981689453	21.630104064941406
225.79698181152344	112.15999603271484	20.030105590820313
196.2779998779297	146.48899841308594	17.077106475830078
13.633999824523926	202.4919891357422	15.099109649658203
76.61199951171875	104.88099670410156	15.777103424072266
158.30099487304688	33.20899963378906	19.2821044921875
101.66099548339844	64.33099365234375	14.882102966308594
38.720001220703125	102.1929931640625	19.27310562133789
200.25799560546875	110.0270004272461	18.937103271484375
139.84300231933594	46.12999725341797	19.050106048583984
54.16599655151367	101.05899810791016	19.370105743408203
96.05099487304688	192.1800079345703	24.493106842041016
28.18899917602539	84.19300079345703	10.437103271484375
161.61898803710938	62.29899978637695	16.005104064941406
105.37799835205078	137.39199829101563	11.704105377197266
143.74899291992188	216.36700439453125	24.079105377197266
194.02499389648438	40.81399917602539	15.298107147216797
180.73199462890625	78.41399383544922	18.794105529785156
188.47999572753906	230.34100341796875	15.623104095458984
33.97999954223633	118.91899871826172	22.47610855102539
160.3459930419922	150.6669921875	11.508106231689453
80.52399444580078	226.73699951171875	26.344104766845703
25.6200008392334	136.35198974609375	19.749103546142578
159.83900451660156	155.45599365234375	12.412105560302734
83.26599884033203	122.06299591064453	17.998104095458984
26.55500030517578	164.68399047851563	17.748104095458984
38.54800033569336	18.857999801635742	18.230106353759766
95.7030029296875	177.19000244140625	19.31310272216797
78.66699981689453	211.37399291992188	24.827106475830078
92.75599670410156	144.29598999023438	19.374103546142578
76.78099822998047	220.02899169921875	26.45810317993164
151.04299926757813	103.17399597167969	14.851104736328125
143.1929931640625	20.92599868774414	23.741107940673828
60.349998474121094	186.00399780273438	24.894107818603516
59.70399856567383	175.47300720214844	22.636104583740234
178.40200805664063	222.65499877929688	18.439105987548828
173.99700927734375	217.44400024414063	19.044105529785156
226.26400756835938	61.7859992980957	13.962104797363281
155.00399780273438	97.65999603271484	12.5111083984375
68.03799438476563	126.65399169921875	19.114105224609375
163.63198852539063	98.39599609375	15.46310806274414
221.56298828125	185.59298706054688	15.029102325439453
87.63099670410156	92.89599609375	12.617103576660156
148.96600341796875	159.2050018310547	6.907108306884766
83.281005859375	17.101999282836914	26.766109466552734
100.17999267578125	84.5780029296875	16.687103271484375
64.80000305175781	9.305999755859375	23.478107452392578
169.4739990234375	72.14199829101563	17.642105102539063
228.3509979248047	216.3699951171875	19.832107543945313
102.16300201416016	11.582000732421875	30.93210220336914
225.760986328125	141.1020050048828	19.371105194091797
151.08999633789063	10.893999099731445	24.943103790283203
158.21499633789063	89.55499267578125	15.13210678100586
53.98699951171875	18.435998916625977	18.401103973388672
151.8679962158203	207.43299865722656	19.649105072021484
115.45600128173828	89.40399932861328	20.026103973388672
221.19798278808594	231.92999267578125	16.22610855102539
198.6619873046875	48.26599884033203	14.331104278564453
78.10599517822266	12.875999450683594	24.347110748291016
16.05500030517578	137.99099731445313	18.83710479736328
212.718994140625	124.86700439453125	17.576107025146484
62.04199981689453	5.482000350952148	25.599102020263672
106.01299285888672	176.1669921875	13.594104766845703
189.552001953125	110.42499542236328	18.142105102539063
100.4159927368164	196.63999938964844	26.376102447509766
188.93798828125	191.0649871826172	12.461105346679688
161.875	183.9739990234375	12.513103485107422
164.8769989013672	8.89799976348877	20.338104248046875
144.197998046875	159.40499877929688	8.119102478027344
142.010986328125	93.48699951171875	16.40310287475586
67.96099853515625	60.580997467041016	14.20510482788086
231.86099243164063	165.72799682617188	15.375106811523438
183.2830047607422	181.85699462890625	13.026103973388672
6.480000019073486	13.867999076843262	16.14810562133789
128.0050048828125	83.89800262451172	20.68210220336914
21.19999885559082	56.823001861572266	9.048107147216797
64.22599792480469	151.47999572753906	21.245105743408203
141.31100463867188	84.64099884033203	18.276107788085938
96.49700164794922	159.16299438476563	15.82110595703125
119.40799713134766	67.06399536132813	23.064105987548828
110.90399932861328	80.03999328613281	18.258106231689453
213.2379913330078	181.6129913330078	14.521106719970703
173.17298889160156	82.22199249267578	17.07510757446289
189.24798583984375	174.26800537109375	8.185108184814453
131.4239959716797	222.9399871826172	23.769107818603516
156.91400146484375	3.174999952316284	25.027103424072266
29.864999771118164	195.58999633789063	17.528106689453125
44.38999557495117	213.34999084472656	21.629108428955078
98.04000091552734	48.13999557495117	24.671100616455078
165.55999755859375	78.73299407958984	20.004108428955078
229.58499145507813	228.6959991455078	18.69210433959961
49.16599655151367	184.81399536132813	19.23910140991211
91.50299835205078	88.86299896240234	13.630107879638672
25.053001403808594	92.38700103759766	14.8341064453125
218.67300415039063	101.22000122070313	14.988105773925781
22.500999450683594	130.15499877929688	23.72610092163086
214.5229949951172	26.78099822998047	11.772106170654297
199.4739990234375	81.32999420166016	15.35910415649414
216.97799682617188	21.661998748779297	10.432106018066406
188.38299560546875	118.8169937133789	19.807106018066406
205.5609893798828	109.25	18.177104949951172
161.1959991455078	229.39498901367188	19.423107147216797
91.6189956665039	149.36199951171875	18.33710479736328
79.15999603271484	192.552001953125	27.017101287841797
93.02399444580078	123.61399841308594	16.60910415649414
77.697998046875	47.76499938964844	18.161102294921875
137.44699096679688	57.775997161865234	21.318103790283203
233.07298278808594	103.02799987792969	14.681106567382813
229.66000366210938	12.055999755859375	16.104103088378906
143.125	126.5	9.578105926513672
137.70599365234375	33.39799880981445	22.173107147216797
106.53298950195313	89.39599609375	19.492103576660156
171.09498596191406	87.72698974609375	22.092105865478516
116.86299133300781	138.66400146484375	6.877105712890625
41.125999450683594	113.91099548339844	23.027103424072266
196.8800048828125	156.28900146484375	17.44910430908203
9.515000343322754	186.90798950195313	18.261104583740234
86.80699157714844	53.2130012512207	21.06810760498047
30.361000061035156	226.75	19.775104522705078
51.944000244140625	27.855998992919922	21.92010498046875
49.2969970703125	138.0709991455078	25.605106353759766
81.3489990234375	165.5360107421875	19.93810272216797
189.39801025390625	96.2760009765625	21.301105499267578
107.87699890136719	10.490999221801758	28.954105377197266
164.37799072265625	218.80599975585938	19.664104461669922
16.503999710083008	166.5550079345703	17.282108306884766
113.5260009765625	108.15399932861328	12.194107055664063
221.0449981689453	130.0089874267578	17.238101959228516
193.81500244140625	169.7740020751953	12.263103485107422
4.163000106811523	92.7750015258789	14.508106231689453
19.854000091552734	173.24298095703125	20.143104553222656
143.26199340820313	150.68099975585938	9.374103546142578
21.849000930786133	181.96998596191406	19.51010513305664
14.805000305175781	104.06500244140625	16.66610336303711
81.58599853515625	148.28099060058594	24.896106719970703
211.59500122070313	229.53599548339844	15.829105377197266
151.30899047851563	54.834999084472656	16.60110855102539
105.53599548339844	63.4849967956543	18.51910400390625
33.2869987487793	230.15098571777344	16.42010498046875
46.79399871826172	208.5240020751953	24.96810531616211
42.39099884033203	75.31999206542969	10.182106018066406
75.47699737548828	54.944000244140625	14.179107666015625
180.53199768066406	187.06900024414063	13.54110336303711
156.10800170898438	19.950000762939453	24.91110610961914
106.67599487304688	218.21298217773438	31.452106475830078
61.683998107910156	100.70399475097656	16.255104064941406
202.375	73.49799346923828	19.098106384277344
163.8040008544922	17.696998596191406	22.953105926513672
72.468994140625	92.02599334716797	10.59710693359375
218.34799194335938	114.07499694824219	20.68310546875
129.18299865722656	66.1189956665039	20.383106231689453
55.939998626708984	157.1060028076172	21.615108489990234
217.65798950195313	14.805000305175781	9.28310775756836
111.10299682617188	104.62799835205078	15.335102081298828
111.96399688720703	60.388999938964844	20.181102752685547
219.98899841308594	218.39199829101563	18.308109283447266
21.76599884033203	43.215999603271484	11.417102813720703
127.23999786376953	194.83099365234375	19.314105987548828
140.68600463867188	164.4639892578125	14.130104064941406
176.25799560546875	231.6580047607422	20.48410415649414
19.24799919128418	50.16899871826172	11.381103515625
96.54499816894531	120.96199798583984	10.162105560302734
168.85598754882813	57.40399932861328	16.46210479736328
134.88198852539063	199.58799743652344	17.797103881835938
220.0889892578125	213.5	14.750106811523438
177.89498901367188	121.27399444580078	14.025104522705078
82.21800231933594	107.11599731445313	12.512104034423828
184.1230010986328	119.87799835205078	17.634105682373047
5.939999580383301	6.972999572753906	15.177104949951172
78.15399932861328	172.93399047851563	20.893104553222656
79.08799743652344	119.62100219726563	14.93710708618164
221.0	206.86399841308594	14.775104522705078
53.20899963378906	75.1719970703125	13.277103424072266
171.73500061035156	133.83799743652344	13.930103302001953
220.87799072265625	196.9219970703125	15.59710693359375
61.91899871826172	203.74899291992188	21.727108001708984
43.39399719238281	165.46600341796875	19.079105377197266
21.71099853515625	175.92100524902344	15.565105438232422
30.007999420166016	74.66399383544922	7.3621063232421875
118.15899658203125	26.726999282836914	26.677104949951172
98.3499984741211	115.73199462890625	10.42410659790039
35.17399978637695	167.61798095703125	18.201107025146484
10.730999946594238	35.21500015258789	11.538105010986328
115.45199584960938	30.458999633789063	24.315105438232422
227.97499084472656	42.737998962402344	8.332107543945313
186.30699157714844	78.38899230957031	20.006107330322266
215.2169952392578	92.65299987792969	16.163105010986328
110.39399719238281	96.05400085449219	16.460105895996094
229.63198852539063	58.737998962402344	11.040107727050781
171.5189971923828	31.823999404907227	14.579105377197266
3.9769997596740723	19.213998794555664	13.943107604980469
48.5260009765625	117.58899688720703	22.096107482910156
189.08499145507813	68.0219955444336	18.22110366821289
72.19599914550781	213.614990234375	22.540103912353516
104.32499694824219	168.2589874267578	10.59310531616211
103.51899719238281	131.69400024414063	12.173107147216797
90.94999694824219	228.18399047851563	28.72610092163086
25.82900047302246	215.90798950195313	18.28310775756836
94.70299530029297	35.80699920654297	27.228107452392578
68.81700134277344	27.454998016357422	23.591106414794922
186.30099487304688	169.90098571777344	9.739105224609375
211.89898681640625	190.64100646972656	13.524105072021484
65.82699584960938	225.32798767089844	26.29410171508789
158.70700073242188	224.45999145507813	23.305103302001953
131.00599670410156	87.95999145507813	20.368106842041016
8.315999984741211	191.80398559570313	17.69510269165039
136.8820037841797	151.75399780273438	10.769107818603516
189.66400146484375	74.22099304199219	19.353107452392578
223.17999267578125	165.84500122070313	16.097103118896484
156.37600708007813	206.75100708007813	17.646106719970703
181.0749969482422	132.07899475097656	15.09610366821289
96.26499938964844	227.281005859375	33.156494048583994
165.79598999023438	87.50299072265625	21.171104431152344
201.02099609375	201.58200073242188	13.111106872558594
135.12899780273438	140.5540008544922	9.46010971069336
150.31399536132813	196.0709991455078	13.450103759765625
154.6699981689453	176.68399047851563	14.737106323242188
45.6349983215332	161.68399047851563	22.497108459472656
14.51099967956543	186.33099365234375	18.940105438232422
111.47799682617188	144.989990234375	8.786102294921875
218.7349853515625	72.56300354003906	16.347103118896484
72.58300018310547	10.180000305175781	27.04910659790039
16.354999542236328	193.72799682617188	14.839107513427734
190.5500030517578	153.83299255371094	14.073108673095703
127.16899871826172	0.9179999828338623	27.881107330322266
58.33399963378906	15.154999732971191	22.424102783203125
54.93299865722656	136.44700622558594	22.798107147216797
40.61000061035156	55.29499816894531	13.926105499267578
10.686999320983887	87.05999755859375	13.519107818603516
50.97699737548828	149.10699462890625	20.215103149414063
103.37799835205078	75.625	16.508106231689453
109.75399780273438	47.5780029296875	21.182106018066406
217.95599365234375	6.953000068664551	11.190105438232422
225.6790008544922	178.0159912109375	14.46010971069336
30.760000228881836	35.47699737548828	13.792106628417969
67.58799743652344	168.05198669433594	21.286102294921875
27.783000946044922	142.00399780273438	21.020103454589844
102.66099548339844	182.218994140625	20.697105407714844
83.45999908447266	160.86898803710938	21.89010238647461
162.2419891357422	58.619998931884766	12.691104888916016
3.315000057220459	85.38499450683594	10.865104675292969
163.68299865722656	108.822998046875	13.517105102539063
186.1219940185547	215.09698486328125	15.42110824584961
11.366000175476074	220.8179931640625	19.58310317993164
76.23899841308594	100.32699584960938	11.926105499267578
11.402000427246094	107.08399963378906	14.137104034423828
144.60198974609375	12.469999313354492	23.000102996826172
229.5559844970703	87.24600219726563	10.958106994628906
144.5399932861328	200.3050079345703	16.865108489990234
25.908000946044922	100.55299377441406	14.220104217529297
183.2830047607422	57.8489990234375	16.34310531616211
4.292999744415283	32.95800018310547	10.350105285644531
112.12799835205078	202.875	24.79910659790039
165.64599609375	26.518997192382813	17.25210189819336
111.57599639892578	0.15399999916553497	27.600101470947266
224.54598999023438	14.606999397277832	11.104103088378906
212.38099670410156	224.25698852539063	15.204105377197266
76.28999328613281	177.22999572753906	18.983104705810547
115.8010025024414	174.1639862060547	11.983104705810547
16.125	221.239990234375	16.419109344482422
107.66899871826172	209.13900756835938	27.287105560302734
108.9429931640625	55.242000579833984	20.518104553222656
86.7770004272461	81.86100006103516	15.01510238647461
218.32699584960938	50.927001953125	14.785106658935547
100.52399444580078	111.69099426269531	12.629104614257813
33.30500030517578	82.10499572753906	10.56710433959961
16.95800018310547	57.347999572753906	5.873104095458984
115.3499984741211	179.27598571777344	11.628105163574219
168.16900634765625	181.77398681640625	15.01010513305664
97.81299591064453	166.32098388671875	17.578102111816406
3.184000015258789	63.54099655151367	11.51910400390625
141.97799682617188	172.88999938964844	14.503105163574219
219.68199157714844	35.74399948120117	12.326103210449219
104.03999328613281	68.47599792480469	17.52310562133789
11.507999420166016	7.7739996910095215	13.625102996826172
75.75899505615234	123.38400268554688	16.841102600097656
88.6989974975586	43.50599670410156	19.103103637695313
23.131999969482422	119.7139892578125	17.972103118896484
212.90399169921875	206.81199645996094	13.13210678100586
119.55499267578125	190.15699768066406	18.047107696533203
117.38700103759766	197.79400634765625	20.710102081298828
95.76599884033203	209.3179931640625	27.905101776123047
145.40199279785156	30.211999893188477	25.860103607177734
2.6600000858306885	193.1739959716797	18.917102813720703
61.297996520996094	42.27699661254883	15.341106414794922
63.878997802734375	97.16499328613281	13.191104888916016
211.37998962402344	133.5449981689453	18.789108276367188
76.17399597167969	181.447998046875	23.262104034423828
197.3419952392578	187.03599548339844	13.346107482910156
15.52199935913086	51.012001037597656	7.526103973388672
36.42900085449219	106.65199279785156	19.943103790283203
166.11099243164063	205.9919891357422	15.904102325439453
75.42500305175781	29.10300064086914	21.11810302734375
69.89599609375	162.59300231933594	23.95010757446289
72.0009994506836	115.12999725341797	16.903106689453125
134.55999755859375	132.2989959716797	7.167106628417969
76.37300109863281	20.58099937438965	23.415103912353516
188.78700256347656	133.80899047851563	15.620105743408203
124.09500122070313	5.058999538421631	28.467105865478516
1.7309999465942383	37.33100128173828	12.353107452392578
106.3169937133789	107.09099578857422	11.139102935791016
45.826995849609375	12.241000175476074	20.318103790283203
160.62799072265625	93.91300201416016	15.534107208251953
126.15599822998047	23.527999877929688	26.38210678100586
152.0780029296875	219.34201049804688	26.31710433959961
186.14198303222656	16.610000610351563	15.643108367919922
86.31199645996094	12.073999404907227	27.40810775756836
58.255001068115234	118.4439926147461	23.36910629272461
151.00498962402344	94.66099548339844	13.829105377197266
109.05799865722656	111.48100280761719	8.72610855102539
39.61800003051758	28.36199951171875	17.435104370117188
26.687000274658203	159.23300170898438	21.358104705810547
90.9469985961914	74.6520004272461	13.138103485107422
50.15399932861328	78.33599853515625	9.42410659790039
63.87399673461914	114.73699951171875	17.678104400634766
170.20001220703125	172.33499145507813	12.915107727050781
198.76400756835938	60.11399841308594	20.252105712890625
52.02799987792969	6.935999870300293	22.599102020263672
193.79998779296875	204.41299438476563	12.047107696533203
173.63800048828125	161.61199951171875	15.233104705810547
58.150001525878906	231.5469970703125	21.96210479736328
168.38299560546875	115.7179946899414	13.220108032226563
150.875	173.07899475097656	11.534107208251953
94.2239990234375	64.04100036621094	15.691104888916016
14.993000030517578	4.144000053405762	16.171104431152344
119.25899505615234	18.384998321533203	27.327106475830078
134.86199951171875	48.000999450683594	23.806110382080078
153.62100219726563	40.55500030517578	19.27810287475586
